
machine: 3
jobs: 30
w: [41 82 81 31 48 45 19 76 90 76 91 18 73 49 81 16 82 87 77 42 99 96 85 40
 73 14 11 68 70 67]
p: [19 90 95 17 88 72 91 58  3 65 74 82 10 80 51 44 12 33 63 40 69 27 99 25
 97 44 30 19 14 73]
smith_order: [ 8 12 16 28 27 21 17  0  3 23 14 20  7 10 18  9 19 29  1 22  2 24  5 13
  4 26 15 25 11  6]
serial schedule cost - UB: 886065

	+++RESULTS+++
optimum total cost: 329097.0
processing time LB, Hmin: 462.0
processing time UB, Hmax: 594.0
selected schedule: [8, 18, 20]
	M1 <- [8, 28, 17, 14, 10, 29, 2, 13, 26, 6],	C_j(s)=[  3  17  50 101 175 248 343 423 453 544],	c_s=110361
	M2 <- [12, 21, 3, 20, 18, 1, 24, 4, 25],	C_j(s)=[ 10  37  54 123 186 276 373 461 505],	c_s=111514
	M3 <- [16, 27, 0, 23, 7, 9, 19, 22, 5, 15, 11],	C_j(s)=[ 12  31  50  75 133 198 238 337 409 453 535],	c_s=107222

LB: 329097.0
GAP: 0.0
NBEB: 0

Heuristic processing time: 0 min 11 s
Total time elapsed: 0 min 12 s

--------------------------------------------------
machine: 3
jobs: 30
w: [ 65  61  72  49  99  62  54  75  32  80  85  85  14  42  35  63  82  20
  48  75  80  13  60  93  73  21  84  68 100  81]
p: [ 4 10  4  2  3  4  3  9  4  5  4  4  3  6  6  3  1 10  5 10 10  9 10  4
  1  2  2  3  5  5]
smith_order: [16 24 26  4  3 23 27 10 11 15 28  2  6  0 29  9  5 25 18  7  8 20 19 13
  1 22 14 12 17 21]
serial schedule cost - UB: 88041

	+++RESULTS+++
optimum total cost: 32515.0
processing time LB, Hmin: 43.666666666666664
processing time UB, Hmax: 57.0
selected schedule: [6, 7, 8]
	M1 <- [26, 23, 11, 2, 9, 18, 19, 22, 12],	C_j(s)=[ 2  6 10 14 19 24 34 44 47],	c_s=11104
	M2 <- [16, 4, 10, 28, 29, 25, 7, 8, 1, 21],	C_j(s)=[ 1  4  8 13 18 20 29 33 43 52],	c_s=10866
	M3 <- [24, 3, 27, 15, 6, 0, 5, 20, 13, 14, 17],	C_j(s)=[ 1  3  6  9 12 16 20 30 36 42 52],	c_s=10545

LB: 32515.0
GAP: 0.0
NBEB: 0

Heuristic processing time: 0 min 11 s
Total time elapsed: 0 min 12 s

--------------------------------------------------
machine: 3
jobs: 30
w: [66 33 67 76 89 82 27 94 82 26 41 39 57 98 33 10 19 96 80 96 53 64 75 93
 72 99 40 79 67 55]
p: [ 3  8 10  9  3  6  7  2  5  6  1  1 10  8 10  2 10  8  5  3  8  5  5  6
  1  1 10  5  6  2]
smith_order: [25 24  7 10 11 19  4 29  0  8 18 27 23 22  5 21 13 17 28  3  2 20 12 15
  9  1 26  6 14 16]
serial schedule cost - UB: 94577

	+++RESULTS+++
optimum total cost: 35063.0
processing time LB, Hmin: 48.666666666666664
processing time UB, Hmax: 62.0
selected schedule: [2, 7, 24]
	M1 <- [7, 11, 29, 18, 22, 13, 3, 12, 6, 16],	C_j(s)=[ 2  3  5 10 15 23 32 42 49 59],	c_s=12029
	M2 <- [24, 19, 0, 27, 5, 17, 2, 9, 26],	C_j(s)=[ 1  4  7 12 18 26 36 42 52],	c_s=11422
	M3 <- [25, 10, 4, 8, 23, 21, 28, 20, 15, 1, 14],	C_j(s)=[ 1  2  5 10 16 21 27 35 37 45 55],	c_s=11612

LB: 35063.0
GAP: 0.0
NBEB: 0

Heuristic processing time: 0 min 11 s
Total time elapsed: 0 min 12 s

--------------------------------------------------
machine: 3
jobs: 30
w: [68 29 21 70 13 10 56 23 14 56  5 83 17 64 98 12 56 21 26 19 35 84 40 53
  3 73 87 82 79 72]
p: [92 41 42  8 59 65 87 26 24 69 72  1 75 67 15 54 15 87 47  5 83 97 28 99
 10 61 19 30 85 47]
smith_order: [11  3 14 26 19 16 27 29 22 25 13 28  7 21  9  0  1  6  8 18 23  2 20 24
 17 12 15  4  5 10]
serial schedule cost - UB: 544591

	+++RESULTS+++
optimum total cost: 205581.0
processing time LB, Hmin: 437.3333333333333
processing time UB, Hmax: 569.3333333333334
selected schedule: [1, 2, 4]
	M1 <- [26, 19, 29, 28, 0, 18, 20, 4, 5],	C_j(s)=[ 19  24  71 156 248 295 378 437 502],	c_s=68010
	M2 <- [11, 3, 27, 25, 21, 1, 8, 23, 12, 15],	C_j(s)=[  1   9  39 100 197 238 262 361 436 490],	c_s=70754
	M3 <- [14, 16, 22, 13, 7, 9, 6, 2, 24, 17, 10],	C_j(s)=[ 15  30  58 125 151 220 307 349 359 446 518],	c_s=66817

LB: 205581.00000000003
GAP: 0.0
NBEB: 0

Heuristic processing time: 0 min 11 s
Total time elapsed: 0 min 12 s

--------------------------------------------------
machine: 3
jobs: 30
w: [96 57 69 31 92 70 93 78 63 87 70 36 45 11 37 27 44 23 72 55 69 81 26 16
 46 45 75 32 84 39]
p: [10  7  1  4  4  8  1  3  3  7  9  9  6 10 10  8  8  3  7 10  5  2  3  8
  2  3  3 10  3 10]
smith_order: [ 6  2 21 28  7 26 24  4  8 25 20  9 18  0  5 22  1 10  3 17 12 16 19 11
 29 14 15 27 23 13]
serial schedule cost - UB: 85241

	+++RESULTS+++
optimum total cost: 31611.0
processing time LB, Hmin: 52.333333333333336
processing time UB, Hmax: 65.66666666666667
selected schedule: [12, 13, 14]
	M1 <- [21, 26, 8, 25, 18, 22, 1, 12, 29, 15, 13],	C_j(s)=[ 2  5  8 11 18 21 28 34 44 52 62],	c_s=10306
	M2 <- [2, 28, 24, 20, 0, 10, 16, 11, 27],	C_j(s)=[ 1  4  6 11 21 30 38 47 57],	c_s=10744
	M3 <- [6, 7, 4, 9, 5, 3, 17, 19, 14, 23],	C_j(s)=[ 1  4  8 15 23 27 30 40 50 58],	c_s=10561

LB: 31610.99999999997
GAP: 0.0
NBEB: 0

Heuristic processing time: 0 min 11 s
Total time elapsed: 0 min 12 s

--------------------------------------------------
machine: 3
jobs: 30
w: [51 57 61 19 98 95 20 14 81 46 71 10 90 93 68 78 48 15 84 88 65 27 59 39
 30 45 13 36 43 76]
p: [ 6  5  5 10  1  3  7  8  9  5  9  3 10  6  7  4  5  8  3  2  8  8  8  2
  1  3  1  6  8  9]
smith_order: [ 4 19  5 24 18 15 23 13 25 26  2  1 14 16  9 12  8  0 29 20 10 22 27 28
 21 11  6  3 17  7]
serial schedule cost - UB: 86345

	+++RESULTS+++
optimum total cost: 31940.0
processing time LB, Hmin: 50.0
processing time UB, Hmax: 63.333333333333336
selected schedule: [24, 25, 26]
	M1 <- [4, 18, 23, 25, 1, 9, 29, 10, 27, 11, 3],	C_j(s)=[ 1  4  6  9 14 19 28 37 43 46 56],	c_s=10572
	M2 <- [5, 13, 26, 14, 12, 20, 28, 6, 7],	C_j(s)=[ 3  9 10 17 27 35 43 50 58],	c_s=10774
	M3 <- [19, 24, 15, 2, 16, 8, 0, 22, 21, 17],	C_j(s)=[ 2  3  7 12 17 26 32 40 48 56],	c_s=10594

LB: 31940.0
GAP: 0.0
NBEB: 0

Heuristic processing time: 0 min 11 s
Total time elapsed: 0 min 12 s

--------------------------------------------------
machine: 3
jobs: 30
w: [34 30 64 64 90 33 80 20 81 10 25 27 20 21 33 45 54 84 74 23 54 85 78 38
 28 79 15 61 83 89]
p: [ 8  5 10  4  7  8  1  9  4  1  7  4  1  2  1  2  5 10 10  5  5  4  2  7
  5  7  5  2  9  5]
smith_order: [ 6 22 14 27 15 21  8 12 29  3  4 25 20 16 13  9 28 17 18 11  2  1 24 23
 19  0  5 10 26  7]
serial schedule cost - UB: 76587

	+++RESULTS+++
optimum total cost: 28471.0
processing time LB, Hmin: 45.0
processing time UB, Hmax: 58.333333333333336
selected schedule: [0, 1, 2]
	M1 <- [6, 27, 8, 4, 16, 9, 18, 23, 0, 10],	C_j(s)=[ 1  3  7 14 19 20 30 37 45 52],	c_s=9772
	M2 <- [22, 21, 3, 20, 13, 17, 2, 5, 26],	C_j(s)=[ 2  6 10 15 17 27 37 45 50],	c_s=9344
	M3 <- [14, 15, 12, 29, 25, 28, 11, 1, 24, 19, 7],	C_j(s)=[ 1  3  4  9 16 25 29 34 39 44 53],	c_s=9355

LB: 28471.0
GAP: 0.0
NBEB: 0

Heuristic processing time: 0 min 11 s
Total time elapsed: 0 min 11 s

--------------------------------------------------
machine: 3
jobs: 30
w: [45 99 46 93 12 47 59 44 28 18 29 37 67 16 32 54 69 98 33 44 31 86 54 47
 22 70 83 46  5 82]
p: [88 46 95 70 90 23 51 90 49  7 32 42 16 51 70 22 42 29 43 59  2 29 56 25
 86 86 87 44 92 19]
smith_order: [20 29 12 17 21  9 15  1  5 23 16  3  6 27 22 26 10 11 25 18 19  8  0  7
  2 14 13 24  4 28]
serial schedule cost - UB: 663524

	+++RESULTS+++
optimum total cost: 246977.0
processing time LB, Hmin: 450.3333333333333
processing time UB, Hmax: 577.0
selected schedule: [0, 12, 29]
	M1 <- [20, 17, 1, 6, 26, 18, 8, 7, 24],	C_j(s)=[  2  31  77 128 215 258 307 397 483],	c_s=81324
	M2 <- [12, 21, 5, 16, 27, 10, 25, 0, 14, 4],	C_j(s)=[ 16  45  68 110 154 186 272 360 430 520],	c_s=83446
	M3 <- [29, 9, 15, 23, 3, 22, 11, 19, 2, 13, 28],	C_j(s)=[ 19  26  48  73 143 199 241 300 395 446 538],	c_s=82207

LB: 246977.00000000006
GAP: 0.0
NBEB: 0

Heuristic processing time: 0 min 12 s
Total time elapsed: 0 min 14 s

--------------------------------------------------
machine: 3
jobs: 30
w: [56 56 40 61 64 16 84 12 39 12 65 32 73 93 81 49 89 72 83 78 77 17 17 11
 57 99 28 53 55 94]
p: [4 6 8 3 4 6 9 5 4 8 5 9 3 2 6 7 6 9 8 1 8 2 6 5 5 1 4 6 2 9]
smith_order: [25 19 13 28 12  3  4 16  0 14 10 24 29 18  8 20  6  1 27 21 17 15 26  2
 11 22  5  7 23  9]
serial schedule cost - UB: 84878

	+++RESULTS+++
optimum total cost: 31376.0
processing time LB, Hmin: 47.666666666666664
processing time UB, Hmax: 59.666666666666664
selected schedule: [6, 8, 13]
	M1 <- [13, 3, 0, 10, 18, 6, 26, 2, 5, 23],	C_j(s)=[ 2  5  9 14 22 31 35 43 49 54],	c_s=10413
	M2 <- [19, 12, 16, 24, 8, 20, 21, 17, 11, 9],	C_j(s)=[ 1  4 10 15 19 27 29 38 47 55],	c_s=10328
	M3 <- [25, 28, 4, 14, 29, 1, 27, 15, 22, 7],	C_j(s)=[ 1  3  7 13 22 28 34 41 47 52],	c_s=10635

LB: 31376.0
GAP: 0.0
NBEB: 0

Heuristic processing time: 0 min 12 s
Total time elapsed: 0 min 12 s

--------------------------------------------------
machine: 3
jobs: 30
w: [31 17 58 76 83 30 96 77 84 53 57 29 21 46 70 73 28 43 11 66 32 86 30 62
 28 53 12 40 54 10]
p: [ 5  9 10  3  4  2  4  4  6  8  4  5  8  4  1  3  8  6  1  7  1  4  1 10
  4  6  6  2  2  1]
smith_order: [14 20 22 28  3 15  6 21  4 27  7  5 10  8 13 18 29 19 25 17 24  9 23  0
 11  2 16 12 26  1]
serial schedule cost - UB: 62432

	+++RESULTS+++
optimum total cost: 23211.0
processing time LB, Hmin: 39.666666666666664
processing time UB, Hmax: 53.0
selected schedule: [15, 16, 17]
	M1 <- [20, 3, 21, 27, 10, 19, 17, 0, 11, 12],	C_j(s)=[ 1  4  8 10 14 21 27 32 37 45],	c_s=7779
	M2 <- [14, 28, 15, 7, 5, 18, 25, 9, 2, 1],	C_j(s)=[ 1  3  6 10 12 13 19 27 37 46],	c_s=7309
	M3 <- [22, 6, 4, 8, 13, 29, 24, 23, 16, 26],	C_j(s)=[ 1  5  9 15 19 20 24 34 42 48],	c_s=8123

LB: 23211.0
GAP: 0.0
NBEB: 0

Heuristic processing time: 0 min 12 s
Total time elapsed: 0 min 12 s

--------------------------------------------------
machine: 3
jobs: 30
w: [ 56  53  11  84  28  80  88  53 100  54  56  26  72  84  30  53  16  53
  64  35  30  96   7  85  82  30  55  89  86  41]
p: [30 81  3 78  6 63 18 13 70 17 18  9 45 19 99 41 62  8 30 73 47 30 13 12
 69 77 71 25  6 54]
smith_order: [28 23 17  6  4 13  7  2 27 21  9 10 11 18  0 12  8 15  5 24  3 26 29  1
 20 22 19 25 14 16]
serial schedule cost - UB: 562834

	+++RESULTS+++
optimum total cost: 211344.0
processing time LB, Hmin: 329.6666666666667
processing time UB, Hmax: 461.6666666666667
selected schedule: [12, 13, 14]
	M1 <- [23, 4, 7, 2, 21, 0, 15, 24, 29, 20, 25],	C_j(s)=[ 12  18  31  34  64  94 135 204 258 305 382],	c_s=70020
	M2 <- [17, 13, 9, 10, 11, 12, 5, 26, 22, 19, 16],	C_j(s)=[  8  27  44  62  71 116 179 250 263 336 398],	c_s=66777
	M3 <- [28, 6, 27, 18, 8, 3, 1, 14],	C_j(s)=[  6  24  49  79 149 227 308 407],	c_s=74547

LB: 211344.0
GAP: 0.0
NBEB: 0

Heuristic processing time: 0 min 12 s
Total time elapsed: 0 min 13 s

--------------------------------------------------
machine: 3
jobs: 30
w: [33 39 11  4 37 83 29 90 86 35  6 71 93  3 76 15 77 50 31 87 82 23  2 38
 19 55 65 83 45 82]
p: [60 78 19 46 14 78 29 50 90  7 67 60 42 79 83 70 51 57 86 76 63 48 50 56
 27 41 60 19 65 44]
smith_order: [ 9 27  4 12 29  7 16 25 20 11 19 26  5  6  8 14 17 24 28 23  2  0  1 21
 18 15 10  3 22 13]
serial schedule cost - UB: 737904

	+++RESULTS+++
optimum total cost: 274209.0
processing time LB, Hmin: 478.3333333333333
processing time UB, Hmax: 598.3333333333334
selected schedule: [0, 1, 2]
	M1 <- [27, 7, 20, 26, 8, 28, 1, 10, 22],	C_j(s)=[ 19  69 132 192 282 347 425 492 542],	c_s=91569
	M2 <- [9, 12, 16, 19, 6, 14, 23, 2, 21, 15, 13],	C_j(s)=[  7  49 100 176 205 288 344 363 411 481 560],	c_s=91060
	M3 <- [4, 29, 25, 11, 5, 17, 24, 0, 18, 3],	C_j(s)=[ 14  58  99 159 237 294 321 381 467 513],	c_s=91580

LB: 274209.0
GAP: 0.0
NBEB: 0

Heuristic processing time: 0 min 12 s
Total time elapsed: 0 min 13 s

--------------------------------------------------
machine: 3
jobs: 30
w: [70 10 32 59 35 65 11 81 98 32 13 79 15 39 82 78 32 97 74 55 92 29 29 80
 40 21 17 19 30 45]
p: [ 7  3  8  9  1  6  4  9  5 10  5  2  5  4  2  7  6 10  8  8  4  8  7  5
  4  6  9 10  2  4]
smith_order: [14 11  4 20  8 23 28 29 15  5  0 24 13 17 18  7 19  3 16 22  2 21 25  1
  9 12  6 10 27 26]
serial schedule cost - UB: 81607

	+++RESULTS+++
optimum total cost: 30239.0
processing time LB, Hmin: 52.666666666666664
processing time UB, Hmax: 66.0
selected schedule: [21, 22, 23]
	M1 <- [14, 8, 29, 24, 17, 19, 22, 25, 6, 27],	C_j(s)=[ 2  7 11 15 25 33 40 46 50 60],	c_s=10001
	M2 <- [11, 23, 15, 13, 18, 3, 21, 1, 12, 26],	C_j(s)=[ 2  7 14 18 26 35 43 46 51 60],	c_s=9993
	M3 <- [4, 20, 28, 5, 0, 7, 16, 2, 9, 10],	C_j(s)=[ 1  5  7 13 20 29 35 43 53 58],	c_s=10245

LB: 30239.0
GAP: 0.0
NBEB: 0

Heuristic processing time: 0 min 12 s
Total time elapsed: 0 min 12 s

--------------------------------------------------
machine: 3
jobs: 30
w: [ 51  64  14  23  83  38  42  34   9  52  86  96  29  65   6  88  93  99
  47  85  81  56   4  17  96  23 100  14  22   5]
p: [23 41 80 33 64 79 97 31 28 28 38 69  6 65 95 69 32 78 92 79 28 65 66 45
 14 89 30 19 86 50]
smith_order: [24 12 26 16 20 10  0  9  1 11  4 15 17  7 19 13 21 27  3 18  5  6 23  8
 25 28  2 29 14 22]
serial schedule cost - UB: 666499

	+++RESULTS+++
optimum total cost: 249957.0
processing time LB, Hmin: 475.0
processing time UB, Hmax: 604.3333333333334
selected schedule: [9, 11, 26]
	M1 <- [24, 20, 9, 4, 15, 21, 5, 8, 28, 14],	C_j(s)=[ 14  42  70 134 203 268 347 375 461 556],	c_s=82419
	M2 <- [12, 16, 0, 1, 17, 13, 27, 18, 23, 2, 22],	C_j(s)=[  6  38  61 102 180 245 264 356 401 481 547],	c_s=83259
	M3 <- [26, 10, 11, 7, 19, 3, 6, 25, 29],	C_j(s)=[ 30  68 137 168 247 280 377 466 516],	c_s=84279

LB: 249957.0
GAP: 0.0
NBEB: 0

Heuristic processing time: 0 min 11 s
Total time elapsed: 0 min 14 s

--------------------------------------------------
machine: 3
jobs: 30
w: [23 42 57 93 41 49 11 79 69 84 36 15 22 71 50 55 33 88 15 85 91 37 50 74
 62 77 42 71 32 34]
p: [ 2  9 10  4  6  3 10  3  9  9  4 10  3 10  9  1  4  3  6  1  9  6  2  9
  4  3  1  2  3  4]
smith_order: [19 15 26 27 17  7 25 22  3  5 24  0 28 20  9 10 29 16 23  8 12 13  4 21
  2 14  1 18 11  6]
serial schedule cost - UB: 75929

	+++RESULTS+++
optimum total cost: 28227.0
processing time LB, Hmin: 46.333333333333336
processing time UB, Hmax: 59.666666666666664
selected schedule: [21, 22, 23]
	M1 <- [19, 17, 22, 5, 20, 23, 12, 21, 1, 6],	C_j(s)=[ 1  4  6  9 18 27 30 36 45 55],	c_s=9301
	M2 <- [26, 27, 25, 24, 0, 10, 29, 16, 13, 2, 18],	C_j(s)=[ 1  3  6 10 12 16 20 24 34 44 50],	c_s=9333
	M3 <- [15, 7, 3, 28, 9, 8, 4, 14, 11],	C_j(s)=[ 1  4  8 11 20 29 35 44 54],	c_s=9593

LB: 28227.0
GAP: 0.0
NBEB: 0

Heuristic processing time: 0 min 5 s
Total time elapsed: 0 min 6 s

--------------------------------------------------
machine: 3
jobs: 30
w: [ 3 55  9 12  8 10 61 95  3  2  4 27 24 18 25 71 83 65 57 58 63 33 68 97
 64 31 52 52 53 87]
p: [45 62 72 54 33 86 71 93 36  3 62 31 45 17 37 43 37 86 18 57 77 29 71 62
 29 43 39 13 93 82]
smith_order: [27 18 16 24 15 23 26 21 29 13  7 19 22  1 11  6 20 17 25 14  9 28 12  4
  3  2  5  8  0 10]
serial schedule cost - UB: 635152

	+++RESULTS+++
optimum total cost: 237257.0
processing time LB, Hmin: 446.6666666666667
processing time UB, Hmax: 570.6666666666666
selected schedule: [21, 22, 23]
	M1 <- [27, 24, 26, 13, 7, 11, 6, 25, 9, 12, 3, 10],	C_j(s)=[ 13  42  81  98 191 222 293 336 339 384 438 500],	c_s=78918
	M2 <- [16, 15, 21, 19, 22, 17, 14, 4, 2, 0],	C_j(s)=[ 37  80 109 166 237 323 360 393 465 510],	c_s=76946
	M3 <- [18, 23, 29, 1, 20, 28, 5, 8],	C_j(s)=[ 18  80 162 224 301 394 480 516],	c_s=81393

LB: 237257.0
GAP: 0.0
NBEB: 0

Heuristic processing time: 0 min 6 s
Total time elapsed: 0 min 7 s

--------------------------------------------------
machine: 3
jobs: 30
w: [11 23 81  1  7 85  6 11 38 16 50 54 79 62 52 43 67 91  1 96 55 12 87 19
 82 46 78  6 39  4]
p: [30 18 19 59 33 16 21 59 65 67 80 24 46 29 86 43 32 81 39 19 37 24 92 66
 28 91  7  9 10 93]
smith_order: [26  5 19  2 28 24 11 13 16 12 20  1 17 15 22 27 10 14  8 25 21  0 23  6
  9  4  7 29 18  3]
serial schedule cost - UB: 406821

	+++RESULTS+++
optimum total cost: 155567.0
processing time LB, Hmin: 379.0
processing time UB, Hmax: 503.0
selected schedule: [4, 5, 29]
	M1 <- [19, 28, 13, 20, 1, 15, 10, 25, 7, 18],	C_j(s)=[ 19  29  58  95 113 156 236 327 386 425],	c_s=52596
	M2 <- [5, 24, 16, 17, 27, 14, 0, 6, 9, 3],	C_j(s)=[ 16  44  76 157 166 252 282 303 370 429],	c_s=49716
	M3 <- [26, 2, 11, 12, 22, 8, 21, 23, 4, 29],	C_j(s)=[  7  26  50  96 188 253 277 343 376 469],	c_s=53255

LB: 155567.0
GAP: 0.0
NBEB: 0

Heuristic processing time: 0 min 6 s
Total time elapsed: 0 min 7 s

--------------------------------------------------
machine: 3
jobs: 30
w: [63 37 42 99 14 59 93 45 58 25  8 60 58 47 67 38 77 57 16 98 23 96 62 46
 20 46 36 85 86 92]
p: [83 95  5 54 61  9 58 76 27 97 47 83 64 47 64 41 28 78 74 98  6 40 29  7
 67 91 76 17 97 35]
smith_order: [ 2 23  5 27 20 16 29 21  8 22  3  6 14 13 19 15 12 28  0 17 11  7 25 26
  1 24  9  4 18 10]
serial schedule cost - UB: 806182

	+++RESULTS+++
optimum total cost: 300183.0
processing time LB, Hmin: 486.0
processing time UB, Hmax: 616.6666666666666
selected schedule: [3, 4, 5]
	M1 <- [5, 16, 22, 6, 13, 15, 0, 7, 1, 18],	C_j(s)=[  9  37  66 124 171 212 295 371 466 540],	c_s=96259
	M2 <- [2, 27, 21, 8, 14, 28, 17, 25, 24, 4],	C_j(s)=[  5  22  62  89 153 250 328 419 486 547],	c_s=100293
	M3 <- [23, 20, 29, 3, 19, 12, 11, 26, 9, 10],	C_j(s)=[  7  13  48 102 200 264 347 423 520 567],	c_s=103631

LB: 300183.0
GAP: 0.0
NBEB: 0

Heuristic processing time: 0 min 5 s
Total time elapsed: 0 min 7 s

--------------------------------------------------
machine: 3
jobs: 30
w: [34 31 96  4  3 24 71 60  3 98 91 60 74 83 41 17  9 52 79 39 84 27 33 42
 44 87  6  5 93 86]
p: [ 41  92 100  12  11  98  26  53  62  42  25  73  45  26  28   4  44  58
  96  60  83  72  15   9  44  41  90  93   9  23]
smith_order: [28 23 15 29 10 13  6  9 22 25 12 14  7 20 24  2 17  0 18 11 19 21  1  3
  4  5 16 26 27  8]
serial schedule cost - UB: 561928

	+++RESULTS+++
optimum total cost: 212317.0
processing time LB, Hmin: 425.0
processing time UB, Hmax: 558.3333333333334
selected schedule: [0, 2, 4]
	M1 <- [29, 6, 22, 12, 24, 17, 0, 19, 3, 5, 8],	C_j(s)=[ 23  49  64 109 153 211 252 312 324 422 484],	c_s=66951
	M2 <- [23, 15, 13, 25, 7, 2, 11, 1, 26],	C_j(s)=[  9  13  39  80 133 233 306 398 488],	c_s=74770
	M3 <- [28, 10, 9, 14, 20, 18, 21, 4, 16, 27],	C_j(s)=[  9  34  76 104 187 283 355 366 410 503],	c_s=70596

LB: 212317.0
GAP: 0.0
NBEB: 0

Heuristic processing time: 0 min 5 s
Total time elapsed: 0 min 7 s

--------------------------------------------------
machine: 3
jobs: 30
w: [63 82 12 80 52 44 75 88 12  7 17 43 15 92 49 77 60 32 25 84 16 90 80 52
 29 12 40 10 22 67]
p: [25  8 80 87 43 69 91 47  1 21 17  7 15 26 58 45 39 14 86 47 68 96 38 43
 15  7 87 68 76 76]
smith_order: [ 8  1 11 13  0 17 22 24  7 19 25 15 16 23  4 10 12 21  3 29 14  6  5 26
  9 18 28 20  2 27]
serial schedule cost - UB: 593431

	+++RESULTS+++
optimum total cost: 222809.0
processing time LB, Hmin: 402.6666666666667
processing time UB, Hmax: 530.6666666666666
selected schedule: [12, 14, 24]
	M1 <- [8, 11, 0, 7, 16, 21, 6, 9, 28, 27],	C_j(s)=[  1   8  33  80 119 215 306 327 403 471],	c_s=74780
	M2 <- [13, 24, 19, 25, 23, 3, 14, 26, 20],	C_j(s)=[ 26  41  88  95 138 225 283 370 438],	c_s=72964
	M3 <- [1, 17, 22, 15, 4, 12, 10, 29, 5, 18, 2],	C_j(s)=[  8  22  60 105 148 163 180 256 325 411 491],	c_s=75065

LB: 222809.0
GAP: 0.0
NBEB: 0

Heuristic processing time: 0 min 11 s
Total time elapsed: 0 min 13 s

--------------------------------------------------
machine: 3
jobs: 30
w: [46 18 13 19 24 35 99 17 24 94 52 79 91 32 74 46 82 17 33 37 53 76 82 88
 57 20 23 64 82 21]
p: [10  6  2  4  5 10  8  3  7  7  5  4  2  1  1  7  8  3  7  4  3  1  2  5
  7  2  6  9  7  7]
smith_order: [21 14 12 22 13 11 20 23  9  6 28 10 16 25 19 24 27 15  2  7 17  4  3 18
  0 26  5  8  1 29]
serial schedule cost - UB: 70370

	+++RESULTS+++
optimum total cost: 26165.0
processing time LB, Hmin: 44.333333333333336
processing time UB, Hmax: 57.666666666666664
selected schedule: [21, 22, 23]
	M1 <- [14, 22, 23, 28, 25, 19, 15, 7, 4, 3, 5],	C_j(s)=[ 1  3  8 15 17 21 28 31 36 40 50],	c_s=8560
	M2 <- [12, 11, 6, 10, 24, 2, 17, 18, 8, 29],	C_j(s)=[ 2  6 14 19 26 28 31 38 45 52],	c_s=8829
	M3 <- [21, 13, 20, 9, 16, 27, 0, 26, 1],	C_j(s)=[ 1  2  5 12 20 29 39 45 51],	c_s=8776

LB: 26165.0
GAP: 0.0
NBEB: 0

Heuristic processing time: 0 min 6 s
Total time elapsed: 0 min 6 s

--------------------------------------------------
machine: 3
jobs: 30
w: [21 17 16 42 51 45 11 39  8 50 84  3 14 15 63 59 70  3 22 31 10 88  5 55
 65 50 28  4 60 36]
p: [72 69 29 84 67 90  4 98 22 11 76 62 71 75 16 49 47 43 39 19 86  7 32  6
 49 16 59 84  2 83]
smith_order: [28 21 23  9 14 25  6 19 16 24 15 10  4 18  2  3  5 26 29  7  8  0  1 13
 12 22 20 17 11 27]
serial schedule cost - UB: 343526

	+++RESULTS+++
optimum total cost: 131397.0
processing time LB, Hmin: 423.6666666666667
processing time UB, Hmax: 554.3333333333334
selected schedule: [0, 1, 2]
	M1 <- [28, 9, 6, 16, 15, 2, 5, 8, 0, 12, 17, 11],	C_j(s)=[  2  13  17  64 113 142 232 254 326 397 440 502],	c_s=42078
	M2 <- [23, 14, 24, 4, 3, 29, 1, 20],	C_j(s)=[  6  22  71 138 222 305 374 460],	c_s=44631
	M3 <- [21, 25, 19, 10, 18, 26, 7, 13, 22, 27],	C_j(s)=[  7  23  42 118 157 216 314 389 421 505],	c_s=44688

LB: 131397.0
GAP: 0.0
NBEB: 0

Heuristic processing time: 0 min 6 s
Total time elapsed: 0 min 7 s

--------------------------------------------------
machine: 3
jobs: 30
w: [ 10 100  80  92  77  40  60  38  24  52  37  11  30  67  75  38  98  52
  20  82  70  76  13  23  67  32  50  70  77  56]
p: [ 6  9  7  1  5  4  7  5  4  9  5  1  5  8  9  4  1 10  9  9  9  9  8  1
  8  7  6  8  5  9]
smith_order: [16  3 23  4 28  2  1 11  5 15 19 27  6 21 13 24 26 14 20  7 10 29  8 12
  9 17 25 18  0 22]
serial schedule cost - UB: 110081

	+++RESULTS+++
optimum total cost: 40331.0
processing time LB, Hmin: 56.0
processing time UB, Hmax: 69.33333333333333
selected schedule: [27, 28, 29]
	M1 <- [16, 4, 11, 5, 19, 21, 26, 10, 29, 25, 0],	C_j(s)=[ 1  6  7 11 20 29 35 40 49 56 62],	c_s=13307
	M2 <- [28, 2, 6, 24, 13, 7, 12, 17, 22],	C_j(s)=[ 5 12 19 27 35 40 45 55 63],	c_s=13188
	M3 <- [3, 23, 1, 15, 27, 14, 20, 8, 9, 18],	C_j(s)=[ 1  2 11 15 23 32 41 45 54 63],	c_s=13836

LB: 40331.0
GAP: 0.0
NBEB: 0

Heuristic processing time: 0 min 6 s
Total time elapsed: 0 min 6 s

--------------------------------------------------
machine: 3
jobs: 30
w: [45 80 13 95 24 33 89 16 46 56 49 66 51 79 10  6 77 32 12 28 22 51 37  4
  4 16 13 51 34 39]
p: [ 87  54  19  50  92  86  69  10  49  27 100  86  11  24  23 100  33  58
   8  82   9  20  80  81  62  48   3  76  48   5]
smith_order: [29 12 26 13 21 20 16  9  3  7 18  1  6  8 11 28  2 27 17  0 10 22 14  5
 19 25  4 24 15 23]
serial schedule cost - UB: 472671

	+++RESULTS+++
optimum total cost: 178864.0
processing time LB, Hmin: 433.3333333333333
processing time UB, Hmax: 566.6666666666666
selected schedule: [27, 28, 29]
	M1 <- [29, 21, 9, 18, 6, 2, 27, 10, 14, 4, 23],	C_j(s)=[  5  25  52  60 129 148 224 324 347 439 520],	c_s=61893
	M2 <- [26, 13, 3, 7, 8, 28, 17, 22, 19, 15],	C_j(s)=[  3  27  77  87 136 184 242 322 404 504],	c_s=57385
	M3 <- [12, 20, 16, 1, 11, 0, 5, 25, 24],	C_j(s)=[ 11  20  53 107 193 280 366 414 476],	c_s=59586

LB: 178864.0
GAP: 0.0
NBEB: 0

Heuristic processing time: 0 min 6 s
Total time elapsed: 0 min 8 s

--------------------------------------------------
machine: 3
jobs: 30
w: [ 11   2  38  98  65  19  18  39  58  45   5  27  80  35  84  74  66  74
  19   9  71  21 100  16  97  77  95  20  23  87]
p: [14 64 77 96 47 90 78 91 56 52 45 99 52 37 24 79  7 25 65 29 98 91  3 23
 77 48 69 83 34 19]
smith_order: [22 16 29 14 17 25 12  4 26 24  8  3 13 15  9  0 20 23 28  2  7 19 18 11
 27 21  6  5 10  1]
serial schedule cost - UB: 650422

	+++RESULTS+++
optimum total cost: 244610.0
processing time LB, Hmin: 491.3333333333333
processing time UB, Hmax: 623.3333333333334
selected schedule: [12, 13, 14]
	M1 <- [22, 14, 12, 24, 13, 9, 28, 7, 27, 5],	C_j(s)=[  3  27  79 156 193 245 279 370 453 543],	c_s=82024
	M2 <- [29, 25, 4, 3, 20, 19, 11, 21, 1],	C_j(s)=[ 19  67 114 210 308 337 436 527 591],	c_s=83724
	M3 <- [16, 17, 26, 8, 15, 0, 23, 2, 18, 6, 10],	C_j(s)=[  7  32 101 157 236 250 273 350 415 493 538],	c_s=78862

LB: 244610.0
GAP: 0.0
NBEB: 0

Heuristic processing time: 0 min 5 s
Total time elapsed: 0 min 7 s

--------------------------------------------------
machine: 3
jobs: 30
w: [78 50 34 55 37 53 23 85 18 98 26 67 75 37 88 59 39 83 42 17 25 31 77 55
 32 64 83 87 72 32]
p: [ 5  1  7  1  7 10  7  8  6  6  9  4  7  9  5  9  9  6  4  2  7  4 10  2
  6  6  4  4 10  2]
smith_order: [ 3  1 23 27 26 14 11  9 29  0 17 12 25  7 18 19 21 22 28 15 24  5  4  2
 16 13 20  6  8 10]
serial schedule cost - UB: 96012

	+++RESULTS+++
optimum total cost: 35330.0
processing time LB, Hmin: 52.333333333333336
processing time UB, Hmax: 65.66666666666667
selected schedule: [9, 10, 11]
	M1 <- [3, 27, 11, 0, 7, 21, 15, 4, 16, 10],	C_j(s)=[ 1  5  9 14 22 26 35 42 51 60],	c_s=12029
	M2 <- [23, 14, 29, 17, 25, 19, 28, 5, 13, 8],	C_j(s)=[ 2  7  9 15 21 23 33 43 52 58],	c_s=11617
	M3 <- [1, 26, 9, 12, 18, 22, 24, 2, 20, 6],	C_j(s)=[ 1  5 11 18 22 32 38 45 52 59],	c_s=11684

LB: 35330.00000000002
GAP: 0.0
NBEB: 0

Heuristic processing time: 0 min 7 s
Total time elapsed: 0 min 7 s

--------------------------------------------------
machine: 3
jobs: 30
w: [63 77 55 58 92 89 13 29 30 63 48 15 93 68 71 95 64 66 15 49 22 59 60 85
 68 21 32 77 62 17]
p: [ 5 10  5  2  6  4  3  3 10  7  5  9  9  1  8  2  7 10  5  8  4  7  9  6
 10 10  9  6  2  1]
smith_order: [13 15 28  3  5 29  4 23 27  0  2 12  7 10 16  9 14 21  1 24 22 17 19 20
  6 26 18  8 25 11]
serial schedule cost - UB: 100214

	+++RESULTS+++
optimum total cost: 36962.0
processing time LB, Hmin: 54.333333333333336
processing time UB, Hmax: 67.66666666666667
selected schedule: [3, 14, 16]
	M1 <- [13, 3, 29, 23, 2, 7, 16, 21, 22, 20, 6, 8],	C_j(s)=[ 1  3  4 10 15 18 25 32 41 45 48 58],	c_s=11809
	M2 <- [28, 4, 0, 10, 9, 1, 17, 26, 11],	C_j(s)=[ 2  8 13 18 25 35 45 54 63],	c_s=12456
	M3 <- [15, 5, 27, 12, 14, 24, 19, 18, 25],	C_j(s)=[ 2  6 12 21 29 39 47 52 62],	c_s=12697

LB: 36962.0
GAP: 0.0
NBEB: 0

Heuristic processing time: 0 min 6 s
Total time elapsed: 0 min 7 s

--------------------------------------------------
machine: 3
jobs: 30
w: [45 87 94 48 27 82 59 85 64 26 23 14 24 20 31 50 89 33 59 85 42 87 92 68
 89 28 59 17 62 27]
p: [ 94  64  86   3  70  61  50  60  74  95  42  85  91  38  47  54  17  50
  43  19  97  87  16  76  15  20  79  34  76 100]
smith_order: [ 3 24 22 16 19  7 25 18  1  5  6  2 21 15 23  8 28 26 17 14 10 13 27  0
 20  4  9 29 12 11]
serial schedule cost - UB: 846129

	+++RESULTS+++
optimum total cost: 313158.0
processing time LB, Hmin: 514.3333333333334
processing time UB, Hmax: 647.6666666666666
selected schedule: [3, 4, 5]
	M1 <- [24, 19, 7, 2, 23, 26, 13, 27, 4, 12],	C_j(s)=[ 15  34  94 180 256 335 373 407 477 568],	c_s=107198
	M2 <- [3, 16, 18, 5, 21, 28, 17, 0, 9, 11],	C_j(s)=[  3  20  63 124 211 287 337 431 526 611],	c_s=104706
	M3 <- [22, 25, 1, 6, 15, 8, 14, 10, 20, 29],	C_j(s)=[ 16  36 100 150 204 278 325 367 464 564],	c_s=101254

LB: 313158.00000000006
GAP: 0.0
NBEB: 0

Heuristic processing time: 0 min 6 s
Total time elapsed: 0 min 8 s

--------------------------------------------------
machine: 3
jobs: 30
w: [52 36 12 78 14 14 85 31 24 65 54 87 39 25 45 92 25 99 19 47 33 93 10 89
 48 86 35 24 88 28]
p: [ 6  9  2  5  4  2  1  7  1  4  3  6  7  8  9  7  5  3 10  9  4  9  5  5
  4  9 10  5  2  4]
smith_order: [ 6 28 17  8 10 23  9  3 11 15 24 21 25  0 20  5 29  2 12 19 16 14 27  7
  1 26  4 13 22 18]
serial schedule cost - UB: 74624

	+++RESULTS+++
optimum total cost: 27736.0
processing time LB, Hmin: 48.333333333333336
processing time UB, Hmax: 61.666666666666664
selected schedule: [12, 13, 14]
	M1 <- [28, 9, 11, 24, 0, 5, 12, 27, 7, 4, 18],	C_j(s)=[ 2  6 12 16 22 24 31 36 43 47 57],	c_s=9005
	M2 <- [17, 10, 3, 21, 20, 2, 19, 16, 26, 22],	C_j(s)=[ 3  6 11 20 24 26 35 40 50 55],	c_s=9388
	M3 <- [6, 8, 23, 15, 25, 29, 14, 1, 13],	C_j(s)=[ 1  2  7 14 23 27 36 45 53],	c_s=9343

LB: 27736.00000000003
GAP: 0.0
NBEB: 0

Heuristic processing time: 0 min 5 s
Total time elapsed: 0 min 6 s

--------------------------------------------------
machine: 3
jobs: 30
w: [63 69 17 67 18 35 35 12 60 49 40 85 72 34 12 42 64 99 47 70 31 31 18 83
 89 54 84 55 48 86]
p: [ 2  4 10  2 10  4 10  6  6  9  6  9  4  7  2  8  4  8  8  5  2  6  5  6
  3  5  9  3 10 10]
smith_order: [ 3  0 24 27 12  1 16 20 19 23 17 25  8 11 26  5 29 10 14 18  9 15 21 13
 28 22  6  7  4  2]
serial schedule cost - UB: 93984

	+++RESULTS+++
optimum total cost: 34623.0
processing time LB, Hmin: 54.333333333333336
processing time UB, Hmax: 67.66666666666667
selected schedule: [21, 22, 23]
	M1 <- [0, 27, 16, 17, 11, 5, 14, 18, 13, 22, 2],	C_j(s)=[ 2  5  9 17 26 30 32 40 47 52 62],	c_s=11772
	M2 <- [3, 12, 20, 23, 8, 29, 9, 21, 6, 7],	C_j(s)=[ 2  6  8 14 20 30 39 45 55 61],	c_s=11719
	M3 <- [24, 1, 19, 25, 26, 10, 15, 28, 4],	C_j(s)=[ 3  7 12 17 26 32 40 50 60],	c_s=11132

LB: 34623.00000000013
GAP: 0.0
NBEB: 0

Heuristic processing time: 0 min 5 s
Total time elapsed: 0 min 6 s

--------------------------------------------------
machine: 3
jobs: 30
w: [12 17 18 20 10 11 16 11 10 19 13 15 11 10 13 18 10 16 19 19 17 16 20 10
 20 12 11 16 19 20]
p: [11 15 14 15 18 12 11 16 16 12 19 16 15 19 16 18 13 13 17 15 12 20 20 18
 20 19 15 15 10 17]
smith_order: [28  9  6 20  3  2 19 17 29  1 18  0 27 24 15 22 11  5 14 21 16 12 26  7
 10 25  8 23  4 13]
serial schedule cost - UB: 89278

	+++RESULTS+++
optimum total cost: 32136.0
processing time LB, Hmin: 142.33333333333334
processing time UB, Hmax: 169.0
selected schedule: [18, 19, 20]
	M1 <- [9, 3, 29, 0, 24, 5, 21, 7, 8, 13],	C_j(s)=[ 12  27  44  55  75  87 107 123 139 158],	c_s=10800
	M2 <- [6, 2, 17, 18, 22, 11, 16, 26, 25, 4],	C_j(s)=[ 11  25  38  55  75  91 104 119 138 156],	c_s=10709
	M3 <- [28, 20, 19, 1, 27, 15, 14, 12, 10, 23],	C_j(s)=[ 10  22  37  52  67  85 101 116 135 153],	c_s=10627

LB: 32136.0
GAP: 0.0
NBEB: 0

Heuristic processing time: 0 min 5 s
Total time elapsed: 0 min 6 s

--------------------------------------------------
machine: 3
jobs: 30
w: [17 19 14 16 18 11 13 17 20 17 13 18 19 10 17 14 17 13 14 11 12 20 14 14
 17 11 18 20 18 15]
p: [17 17 20 17 14 19 11 12 10 15 18 13 10 11 10 18 20 20 17 17 10 11 20 18
 17 15 13 11 19 14]
smith_order: [ 8 12 27 21 14  7 26 11  4 20  6  9  1 29 24  0 28  3 13 16 18 15 23 25
 10 22  2 17 19  5]
serial schedule cost - UB: 88889

	+++RESULTS+++
optimum total cost: 32010.0
processing time LB, Hmin: 138.0
processing time UB, Hmax: 164.66666666666666
selected schedule: [6, 7, 8]
	M1 <- [27, 7, 4, 6, 29, 28, 13, 15, 22, 17],	C_j(s)=[ 11  23  37  48  62  81  92 110 130 150],	c_s=10519
	M2 <- [12, 21, 11, 9, 24, 3, 18, 25, 10, 19],	C_j(s)=[ 10  21  34  49  66  83 100 115 133 150],	c_s=10549
	M3 <- [8, 14, 26, 20, 1, 0, 16, 23, 2, 5],	C_j(s)=[ 10  20  33  43  60  77  97 115 135 154],	c_s=10942

LB: 32010.0
GAP: 0.0
NBEB: 0

Heuristic processing time: 0 min 6 s
Total time elapsed: 0 min 6 s

--------------------------------------------------
machine: 3
jobs: 30
w: [55 67 62 49 78 98 94 41 88  1 81 40 28 31 89 96 54  7 52 23 83 62 69 74
 62 87 58  7 62 79]
p: [ 93  24  80  13  51   4  42   2  62  15  83  94  35  98  69  53  76  80
  89  51  66  93  76  43   6  62  65  89 100  99]
smith_order: [ 5  7 24  3  1  6 15 23  4  8 25 14 20 10 22 26 12 29  2 16 21 28  0 18
 19 11 13 17 27  9]
serial schedule cost - UB: 991168

	+++RESULTS+++
optimum total cost: 367337.0
processing time LB, Hmin: 537.6666666666666
processing time UB, Hmax: 671.0
selected schedule: [0, 1, 2]
	M1 <- [7, 3, 15, 8, 20, 26, 12, 21, 18, 19, 27],	C_j(s)=[  2  15  68 130 196 261 296 389 478 529 618],	c_s=123946
	M2 <- [5, 1, 23, 25, 10, 2, 16, 0, 13, 9],	C_j(s)=[  4  28  71 133 216 296 372 465 563 578],	c_s=118635
	M3 <- [24, 6, 4, 14, 22, 29, 28, 11, 17],	C_j(s)=[  6  48  99 168 244 343 443 537 617],	c_s=124756

LB: 367336.99999999994
GAP: 0.0
NBEB: 0

Heuristic processing time: 0 min 6 s
Total time elapsed: 0 min 8 s

--------------------------------------------------
machine: 3
jobs: 30
w: [ 47  63  28  37  30  51  98  76  92  20  46  11 100  35  87  32  69  37
  75  83  35  64  75  36  97  41  58  49  82  60]
p: [10  3  7  3  4 10  5  2  9  5  2  5  2  2  5  7  9  9 10  4  3  1 10  1
  5  9  4 10  2  7]
smith_order: [21 12 28  7 23 10  1 19  6 24 13 14 26  3 20  8 29 16 18 22  4  5 27  0
 15 25 17  9  2 11]
serial schedule cost - UB: 88181

	+++RESULTS+++
optimum total cost: 32628.0
processing time LB, Hmin: 48.333333333333336
processing time UB, Hmax: 61.666666666666664
selected schedule: [6, 7, 8]
	M1 <- [28, 23, 19, 14, 3, 29, 22, 0, 17, 11],	C_j(s)=[ 2  3  7 12 15 22 32 42 51 56],	c_s=10649
	M2 <- [12, 1, 24, 13, 8, 18, 27, 15, 2],	C_j(s)=[ 2  5 10 12 21 31 41 48 55],	c_s=11247
	M3 <- [21, 7, 10, 6, 26, 20, 16, 4, 5, 25, 9],	C_j(s)=[ 1  3  5 10 14 17 26 30 40 49 54],	c_s=10732

LB: 32628.000000000044
GAP: 0.0
NBEB: 0

Heuristic processing time: 0 min 6 s
Total time elapsed: 0 min 6 s

--------------------------------------------------