
machine: 3
jobs: 40
w: [11 19 11 16 16 15 19 11 18 20 12 20 12 15 12 18 18 14 14 17 11 16 12 15
 18 14 20 13 19 10 13 14 15 11 13 18 17 17 12 16]
p: [12 19 20 19 18 16 17 20 14 16 17 15 11 16 17 20 12 19 14 10 10 20 11 18
 19 18 10 18 16 20 14 20 13 18 13 14 18 18 14 11]
smith_order: [26 19 16 39 11 35  8  9 28 32  6 20 12 22 18 34  1 24 37 36  5 13 30  0
 15  4 38  3 23 21 25 17 27 14 10 31 33  7  2 29]
serial schedule cost - UB: 164936

	+++RESULTS+++
optimum total cost: 58219.0
processing time LB, Hmin: 198.33333333333334
processing time UB, Hmax: 225.0
selected schedule: [12, 13, 14]
	M1 <- [26, 11, 9, 20, 12, 1, 36, 30, 15, 23, 17, 31, 7],	C_j(s)=[ 10  25  41  51  62  81  99 113 133 151 170 190 210],	c_s=19525
	M2 <- [16, 8, 28, 6, 18, 37, 5, 0, 3, 21, 27, 33, 29],	C_j(s)=[ 12  26  42  59  73  91 107 119 138 158 176 194 214],	c_s=19384
	M3 <- [19, 39, 35, 32, 22, 34, 24, 13, 4, 38, 25, 14, 10, 2],	C_j(s)=[ 10  21  35  48  59  72  91 107 125 139 157 174 191 211],	c_s=19310

LB: 58218.999999999745
GAP: 0.0
NBEB: 0

Heuristic processing time: 0 min 22 s
Total time elapsed: 0 min 23 s

--------------------------------------------------
machine: 3
jobs: 40
w: [ 26  83  76  41  54  14  39  20   3  13  63 100  73  92  86  74  50  77
  41  57   3  34  30  44  18  13  42  25  24  80  10  54  59  55  27  10
  87   2   2  66]
p: [17  9 84 83 91 65 67 30 63 53 29 75 95 46 64 14 11 26 85  1  9 69 55 69
 50 81  9 57 24 56 89 73 90 55 69 54 64 44 88  9]
smith_order: [19  1 39 15 26 16 17 10 13  0 29 36 14 11 33 28  2 12 31  7 32 23  4  6
 22  3 21 18 27 34 24 20  9  5 35 25 30  8 37 38]
serial schedule cost - UB: 960795

	+++RESULTS+++
optimum total cost: 352172.0
processing time LB, Hmin: 644.0
processing time UB, Hmax: 770.6666666666666
selected schedule: [3, 4, 5]
	M1 <- [39, 26, 10, 0, 36, 33, 31, 32, 22, 18, 24, 35, 30],	C_j(s)=[  9  18  47  64 128 183 256 346 401 486 536 590 679],	c_s=115708
	M2 <- [1, 16, 13, 11, 2, 7, 23, 6, 21, 34, 5, 8, 37],	C_j(s)=[  9  20  66 141 225 255 324 391 460 529 594 657 701],	c_s=115236
	M3 <- [19, 15, 17, 29, 14, 28, 12, 4, 3, 27, 20, 9, 25, 38],	C_j(s)=[  1  15  41  97 161 185 280 371 454 511 520 573 654 742],	c_s=121228

LB: 352172.0
GAP: 0.0
NBEB: 0

Heuristic processing time: 0 min 21 s
Total time elapsed: 0 min 25 s

--------------------------------------------------
machine: 3
jobs: 40
w: [23 27 10 47 43 48 30 92 36 54 65 65 51 59 91 31 18 55 96 48 85 21 56 85
 60 29 45 53 24 31 23 77 93 21 57 80 49 16 76 32]
p: [ 7  8 10 10  3 10 10  9  8  8  6  2  2  5  8  6 10  9  6  9  1  9  7  9
 10  4  6 10  7  1  2  4  9  1  9  9  4  6  8  9]
smith_order: [20 11 29 12 33 31 18  4 36 13 30 14 10 32  7 38 23 35 22 26 25  9 34 17
 24 19 27 15  5  3  8 39 28  1  0  6 37 21 16  2]
serial schedule cost - UB: 177988

	+++RESULTS+++
optimum total cost: 64057.0
processing time LB, Hmin: 83.66666666666667
processing time UB, Hmax: 97.0
selected schedule: [18, 19, 20]
	M1 <- [11, 31, 36, 30, 10, 38, 22, 9, 24, 15, 3, 1, 37, 16],	C_j(s)=[ 2  6 10 12 18 26 33 41 51 57 67 75 81 91],	c_s=21501
	M2 <- [20, 12, 4, 14, 7, 35, 25, 34, 19, 5, 28, 0, 21],	C_j(s)=[ 1  3  6 14 23 32 36 45 54 64 71 78 87],	c_s=21044
	M3 <- [29, 33, 18, 13, 32, 23, 26, 17, 27, 8, 39, 6, 2],	C_j(s)=[ 1  2  8 13 22 31 37 46 56 64 73 83 93],	c_s=21512

LB: 64056.99999999999
GAP: 0.0
NBEB: 0

Heuristic processing time: 0 min 21 s
Total time elapsed: 0 min 21 s

--------------------------------------------------
machine: 3
jobs: 40
w: [37  3 62 39 65 99 89  2  2 87 28 90 62  9 74  5 36 24 14  6 46 59 75 22
 96  5 96 21 21 53 46 32 51 35 81 21 99 95 90  7]
p: [95 71 64 69 79  6 78 42 88 14 49 67 97  3 72 15  9 97 29 74 91 78 27 44
 47 18 23 23 64 63 17 80  6 30  7 64 95 91 30 11]
smith_order: [ 5 34 32  9 26 16 38 13 22 30 24 11 33  6 37 36 14  2 27 29  4 21 12 39
 10  3 20 23 18 31  0 15 28 35 25 17 19  7  1  8]
serial schedule cost - UB: 974671

	+++RESULTS+++
optimum total cost: 359206.0
processing time LB, Hmin: 611.0
processing time UB, Hmax: 740.3333333333334
selected schedule: [6, 7, 8]
	M1 <- [34, 16, 38, 30, 33, 37, 2, 21, 10, 20, 15, 28, 25, 19, 8],	C_j(s)=[  7  16  46  63  93 184 248 326 375 466 481 545 563 637 725],	c_s=117399
	M2 <- [32, 9, 13, 22, 11, 36, 27, 4, 39, 3, 18, 31, 17, 1],	C_j(s)=[  6  20  23  50 117 212 235 314 325 394 423 503 600 671],	c_s=118938
	M3 <- [5, 26, 24, 6, 14, 29, 12, 23, 0, 35, 7],	C_j(s)=[  6  29  76 154 226 289 386 430 525 589 631],	c_s=122869

LB: 359206.000000001
GAP: 0.0
NBEB: 0

Heuristic processing time: 0 min 20 s
Total time elapsed: 0 min 23 s

--------------------------------------------------
machine: 3
jobs: 40
w: [100  68  45  63  60  84  50  85  43  72  76  25  35  75  60 100  77  89
  14  48  24  59  56  33  39  86  48  20  14  27  73  97  57  27 100  39
  97  70  13  60]
p: [ 6 10  3  9  3  9  7  8  3  2  1  1  2  3  2  7 10  7  5  5  7  8  1  4
  3  2  6  4 10  8  8  1  4  8  2 10  9  7  3 10]
smith_order: [31 10 22 34 25  9 14 11 13  4 12  0  2  8 15 32 24 17 36  7 37 19  5 30
 23 26 16 21  6  3  1 39 27 38 35 20 29 33 18 28]
serial schedule cost - UB: 155284

	+++RESULTS+++
optimum total cost: 56168.0
processing time LB, Hmin: 66.0
processing time UB, Hmax: 79.33333333333333
selected schedule: [24, 25, 26]
	M1 <- [34, 14, 11, 12, 8, 15, 36, 30, 26, 6, 39, 20, 33],	C_j(s)=[ 2  4  5  7 10 17 26 34 40 47 57 64 72],	c_s=19114
	M2 <- [31, 22, 9, 4, 2, 32, 24, 7, 5, 16, 1, 38, 29, 18],	C_j(s)=[ 1  2  4  7 10 14 17 25 34 44 54 57 65 70],	c_s=18345
	M3 <- [10, 25, 13, 0, 17, 37, 19, 23, 21, 3, 27, 35, 28],	C_j(s)=[ 1  3  6 12 19 26 31 35 43 52 56 66 76],	c_s=18709

LB: 56168.0
GAP: 0.0
NBEB: 0

Heuristic processing time: 0 min 20 s
Total time elapsed: 0 min 21 s

--------------------------------------------------
machine: 3
jobs: 40
w: [38 29 57 39 93 62 93 29 67 70 79 39 93 98 26 61 12 28 49 14 60 77 99 53
 86 43 70 99 86 97 40 52 84 43 63 80 62 80 64 99]
p: [ 3  2  4  9  2  6  4  5  4  3  4 10  2  7  6  6  2 10  2  4  9 10  5  4
  4  8  1  2  1  3 10  6  5 10  9  8 10  2  6  4]
smith_order: [28 26 27 12  4 37 29 39 18  9  6 24 22 10 32  8  1  2 13 23  0 38  5 15
 35 31 21 34 20 36 16  7 25  3 14 33 30 11 19 17]
serial schedule cost - UB: 157805

	+++RESULTS+++
optimum total cost: 56940.0
processing time LB, Hmin: 64.0
processing time UB, Hmax: 77.33333333333333
selected schedule: [9, 10, 11]
	M1 <- [26, 4, 29, 9, 22, 8, 23, 38, 15, 34, 16, 25, 33, 17],	C_j(s)=[ 1  3  6  9 14 18 22 28 34 43 45 53 63 73],	c_s=19466
	M2 <- [27, 37, 39, 24, 32, 2, 0, 5, 31, 20, 7, 3, 11],	C_j(s)=[ 2  4  8 12 17 21 24 30 36 45 50 59 69],	c_s=18753
	M3 <- [28, 12, 18, 6, 10, 1, 13, 35, 21, 36, 14, 30, 19],	C_j(s)=[ 1  3  5  9 13 15 22 30 40 50 56 66 70],	c_s=18721

LB: 56940.0
GAP: 0.0
NBEB: 0

Heuristic processing time: 0 min 21 s
Total time elapsed: 0 min 22 s

--------------------------------------------------
machine: 3
jobs: 40
w: [17 17 16 13 15 17 10 14 20 13 17 19 20 11 16 18 15 19 18 14 15 14 14 17
 15 16 11 19 14 11 12 13 16 16 17 16 14 18 17 12]
p: [15 11 20 15 11 16 18 18 18 17 17 19 11 19 19 20 12 18 15 15 15 15 15 12
 11 13 14 19 16 15 14 16 17 16 11 15 18 15 14 13]
smith_order: [12  1 34 23  4 24 16 25 38 18 37  0  8 35  5 17 27 11 33 20 10 32 19 21
 22 39 15 28  3 30 14 31  2 26  7 36  9 29 13  6]
serial schedule cost - UB: 169722

	+++RESULTS+++
optimum total cost: 59804.0
processing time LB, Hmin: 192.66666666666666
processing time UB, Hmax: 219.33333333333334
selected schedule: [6, 7, 8]
	M1 <- [12, 23, 38, 0, 5, 27, 20, 19, 15, 14, 31, 9, 13],	C_j(s)=[ 11  23  37  52  68  87 102 117 137 156 172 189 208],	c_s=20044
	M2 <- [34, 4, 16, 37, 35, 17, 33, 32, 39, 3, 30, 26, 36, 6],	C_j(s)=[ 11  22  34  49  64  82  98 115 128 143 157 171 189 207],	c_s=19775
	M3 <- [1, 24, 25, 18, 8, 11, 10, 22, 21, 28, 2, 7, 29],	C_j(s)=[ 11  22  35  50  68  87 104 119 134 150 170 188 203],	c_s=19985

LB: 59804.0
GAP: 0.0
NBEB: 0

Heuristic processing time: 0 min 21 s
Total time elapsed: 0 min 22 s

--------------------------------------------------
machine: 3
jobs: 40
w: [37 80 26 42 24  8 62 94 44 98 47 24 72 80  7 35 51  3 47 29  7 21 59  7
 63 81 92 84 29 61 26 24 15 20 44 23 39 16 48 25]
p: [70 93 21 64 53 10 82 28 20 48 73 33 35 75 10 65 13 49 43 82 61 12 69 37
 16 94 61 58 92 55 66 56 13 84 26 52  9 62 80 36]
smith_order: [36 24 16  7  8 12  9 21 34 26 27  2 32 29 18 13 25  1 22  5  6 11 14 39
  3 10 38 15  0  4 35 31 30 19 28 37 33 23 20 17]
serial schedule cost - UB: 1055383

	+++RESULTS+++
optimum total cost: 383369.0
processing time LB, Hmin: 606.0
processing time UB, Hmax: 731.3333333333334
selected schedule: [27, 28, 29]
	M1 <- [24, 9, 27, 13, 22, 11, 3, 15, 35, 30, 37, 20],	C_j(s)=[ 16  64 122 197 266 299 363 428 480 546 608 669],	c_s=126031
	M2 <- [36, 16, 12, 26, 18, 25, 5, 14, 39, 10, 0, 31, 28, 23, 17],	C_j(s)=[  9  22  57 118 161 255 265 275 311 384 454 510 602 639 688],	c_s=127556
	M3 <- [7, 8, 21, 34, 2, 32, 29, 1, 6, 38, 4, 19, 33],	C_j(s)=[ 28  48  60  86 107 120 175 268 350 430 483 565 649],	c_s=129782

LB: 383369.0
GAP: 0.0
NBEB: 0

Heuristic processing time: 0 min 20 s
Total time elapsed: 0 min 24 s

--------------------------------------------------
machine: 3
jobs: 40
w: [19 19 18 20 19 19 18 13 12 17 14 13 19 17 19 10 16 10 17 12 10 10 14 13
 11 19 11 10 17 10 13 19 12 14 11 15 16 17 11 12]
p: [13 11 12 16 14 19 13 10 18 15 18 15 13 16 17 13 19 11 12 16 14 18 12 16
 11 11 12 14 20 12 19 11 16 17 14 17 14 12 10 10]
smith_order: [25  1 31  2  0 12 37 18  6  4  7  3 39 22 36  9 14 38 13 24  5 26 17 35
 11 28 16 29 33 23 34 10 15 19 32 20 27 30  8 21]
serial schedule cost - UB: 143588

	+++RESULTS+++
optimum total cost: 50697.0
processing time LB, Hmin: 177.0
processing time UB, Hmax: 203.66666666666666
selected schedule: [21, 22, 23]
	M1 <- [31, 2, 37, 4, 22, 14, 24, 17, 28, 33, 10, 32, 8],	C_j(s)=[ 11  23  35  49  61  78  89 100 120 137 155 171 189],	c_s=16912
	M2 <- [25, 0, 18, 7, 39, 9, 13, 26, 11, 29, 23, 15, 20, 30],	C_j(s)=[ 11  24  36  46  56  71  87  99 114 126 142 155 169 188],	c_s=16594
	M3 <- [1, 12, 6, 3, 36, 38, 5, 35, 16, 34, 19, 27, 21],	C_j(s)=[ 11  24  37  53  67  77  96 113 132 146 162 176 194],	c_s=17191

LB: 50697.00000000083
GAP: 0.0
NBEB: 0

Heuristic processing time: 0 min 22 s
Total time elapsed: 0 min 24 s

--------------------------------------------------
machine: 3
jobs: 40
w: [53 39 38 91 61  8 42 62 52 53 69 40 98 43 52 77 39 20 21 62 18 67 30 18
 74 86 89 88 11 51 98  2  4 34 90 87 30 84 89 92]
p: [ 5  2 43 27 55 82 99 60 87 57 51 26 68 84 84 75 97 89 37 36  3 39 13 34
 29 69 95 78 49 66 49 98 73 69 67 12 76 90 70 71]
smith_order: [ 1  0 35 20  3 24 22 30 19 21 11 12 10 34 39 38 25 27  4  7 15 26 37  9
  2 29 14  8 18 23 13 33  6 16 36 17 28  5 32 31]
serial schedule cost - UB: 1513022

	+++RESULTS+++
optimum total cost: 547611.0
processing time LB, Hmin: 705.3333333333334
processing time UB, Hmax: 837.3333333333334
selected schedule: [0, 1, 2]
	M1 <- [35, 30, 12, 39, 27, 37, 2, 8, 33, 16, 5],	C_j(s)=[ 12  61 129 200 278 368 411 498 567 664 746],	c_s=186096
	M2 <- [1, 20, 3, 19, 11, 34, 25, 7, 26, 29, 18, 23, 6, 17, 31],	C_j(s)=[  2   5  32  68  94 161 230 290 385 451 488 522 621 710 808],	c_s=182114
	M3 <- [0, 24, 22, 21, 10, 38, 4, 15, 9, 14, 13, 36, 28, 32],	C_j(s)=[  5  34  47  86 137 207 262 337 394 478 562 638 687 760],	c_s=179401

LB: 547611.0
GAP: 0.0
NBEB: 0

Heuristic processing time: 0 min 21 s
Total time elapsed: 0 min 25 s

--------------------------------------------------
machine: 3
jobs: 40
w: [18 18 13 10 16 17 18 13 17 16 13 18 14 15 11 13 14 13 17 11 15 10 12 11
 18 15 20 12 11 15 19 15 10 12 15 11 15 20 18 11]
p: [14 12 19 10 19 13 18 17 13 16 10 11 13 10 19 20 17 20 11 19 15 16 13 19
 20 15 15 11 10 14 12 11 17 12 11 20 17 20 20 10]
smith_order: [11 30 18  1 13 34 31 26  5  8 10  0 39 28 27 12 29 25 33 20  6 37  3  9
 22 24 38 36  4 16  7  2 15 17 21 32 14 23 19 35]
serial schedule cost - UB: 147383

	+++RESULTS+++
optimum total cost: 52061.0
processing time LB, Hmin: 186.33333333333334
processing time UB, Hmax: 213.0
selected schedule: [21, 22, 23]
	M1 <- [11, 1, 26, 0, 12, 25, 9, 3, 38, 16, 15, 32, 19],	C_j(s)=[ 11  23  38  52  65  80  96 106 126 143 163 180 199],	c_s=17392
	M2 <- [30, 34, 5, 10, 28, 29, 20, 6, 24, 4, 2, 23, 14],	C_j(s)=[ 12  23  36  46  56  70  85 103 123 142 161 180 199],	c_s=17326
	M3 <- [18, 13, 31, 8, 39, 27, 37, 33, 22, 36, 7, 17, 21, 35],	C_j(s)=[ 11  21  32  45  55  66  86  98 111 128 145 165 181 201],	c_s=17343

LB: 52061.0
GAP: 0.0
NBEB: 0

Heuristic processing time: 0 min 20 s
Total time elapsed: 0 min 21 s

--------------------------------------------------
machine: 3
jobs: 40
w: [12 14 14 14 11 12 13 20 15 20 15 15 18 17 16 17 12 12 12 19 13 16 19 13
 13 15 11 12 10 10 13 14 19 16 11 15 16 13 19 13]
p: [12 20 10 18 10 18 16 14 11 11 12 20 12 19 12 14 14 12 12 10 17 11 17 18
 11 14 19 18 11 13 15 17 10 13 20 19 10 18 16 20]
smith_order: [19 32  9 36 12 21  7  2  8 14 10 33 15 38 24 22  4 25 17 18  0 28 13 30
 16 31  6 35  3 29 20 11 23 37  1  5 27 39 26 34]
serial schedule cost - UB: 141618

	+++RESULTS+++
optimum total cost: 50040.0
processing time LB, Hmin: 181.33333333333334
processing time UB, Hmax: 208.0
selected schedule: [18, 19, 20]
	M1 <- [19, 12, 8, 10, 38, 25, 0, 30, 31, 29, 11, 1, 39],	C_j(s)=[ 10  22  33  45  61  75  87 102 119 132 152 172 192],	c_s=16580
	M2 <- [9, 21, 7, 33, 24, 4, 17, 28, 16, 6, 3, 37, 27, 34],	C_j(s)=[ 11  22  36  49  60  70  82  93 107 123 141 159 177 197],	c_s=16755
	M3 <- [32, 36, 2, 14, 15, 22, 18, 13, 35, 20, 23, 5, 26],	C_j(s)=[ 10  20  30  42  56  73  85 104 123 140 158 176 195],	c_s=16705

LB: 50039.99999999955
GAP: 0.0
NBEB: 0

Heuristic processing time: 0 min 22 s
Total time elapsed: 0 min 23 s

--------------------------------------------------
machine: 3
jobs: 40
w: [17 59 38  8  3 38 16 32  3 85 38 60  8 26 15 15 36 15 34 37 15 11 38 88
 62 92 33 54 57 14 40  4 69 25 75 16 79 58  8 44]
p: [ 5 49 59 41 71 22 99 53 82 48 11 43 29 88 87 13 10 96 25 41 64 92 15 96
 78 29 16  1 80 79 63 26 53 24 64 26 28 61 14  4]
smith_order: [27 39 16 10  0 25 36 22 26  9  5 11 18 32  1 34 15 33 37 23 19 24 28  2
 30 35  7 38 13 12 20  3 29 14  6 17 31 21  4  8]
serial schedule cost - UB: 678592

	+++RESULTS+++
optimum total cost: 249963.0
processing time LB, Hmin: 562.3333333333334
processing time UB, Hmax: 694.3333333333334
selected schedule: [15, 16, 17]
	M1 <- [16, 10, 22, 5, 18, 1, 15, 23, 2, 7, 20, 14, 31, 21],	C_j(s)=[ 10  21  36  58  83 132 145 241 300 353 417 504 530 622],	c_s=84196
	M2 <- [27, 25, 9, 32, 33, 37, 28, 35, 13, 3, 6, 4],	C_j(s)=[  1  30  78 131 155 216 296 322 410 451 550 621],	c_s=81841
	M3 <- [39, 0, 36, 26, 11, 34, 19, 24, 30, 38, 12, 29, 17, 8],	C_j(s)=[  4   9  37  53  96 160 201 279 342 356 385 464 560 642],	c_s=83926

LB: 249963.0
GAP: 0.0
NBEB: 0

Heuristic processing time: 0 min 20 s
Total time elapsed: 0 min 59 s

--------------------------------------------------
machine: 3
jobs: 40
w: [ 47  59  85  86  94  21  30  48  76  31  13 100  87  14  57  86  77  48
  45  62  33  89  61  66  35  74  30  28  17  47  25  90  51  26  45  13
  48  43  23  93]
p: [10  5  5  6  7  4  1  2 10  9  2  2  9  9  1  6  8  3  9  5  7  1  3  7
  9  2  9  1  9  5  8 10 10 10  9  9  3  5  7  4]
smith_order: [21 14 11 25  6 27  7 39 22  2 36 17  3 15  4 19  1 12 16 23 29 31 37  8
 10  5 32 18 34 20  0 24  9 26 38 30 33 28 13 35]
serial schedule cost - UB: 146587

	+++RESULTS+++
optimum total cost: 53075.0
processing time LB, Hmin: 73.66666666666667
processing time UB, Hmax: 87.0
selected schedule: [12, 13, 14]
	M1 <- [11, 27, 7, 2, 4, 12, 29, 37, 32, 0, 38, 30, 13],	C_j(s)=[ 2  3  5 10 17 26 31 36 46 56 63 71 80],	c_s=17561
	M2 <- [21, 25, 22, 36, 3, 19, 16, 8, 5, 34, 24, 26, 28],	C_j(s)=[ 1  3  6  9 15 20 28 38 42 51 60 69 78],	c_s=17356
	M3 <- [14, 6, 39, 17, 15, 1, 23, 31, 10, 18, 20, 9, 33, 35],	C_j(s)=[ 1  2  6  9 15 20 27 37 39 48 55 64 74 83],	c_s=18158

LB: 53074.99999999981
GAP: 0.0
NBEB: 0

Heuristic processing time: 0 min 21 s
Total time elapsed: 0 min 22 s

--------------------------------------------------
machine: 3
jobs: 40
w: [20 18 16 20 12 13 16 10 12 20 13 10 19 14 16 16 15 20 16 11 18 17 14 20
 19 20 12 13 20 16 19 14 19 17 15 11 18 17 12 17]
p: [12 18 18 11 12 17 20 19 18 15 15 11 17 18 10 11 15 11 19 19 20 14 10 12
 13 15 17 16 11 14 12 12 20 15 12 17 19 15 18 15]
smith_order: [ 3 17 28  0 23 14 30 24 15 22  9 25 34 21 31 29 39 33 37 12  1  4 16 32
 36 11 20  2 10 18 27  6 13  5 26  8 38 35 19  7]
serial schedule cost - UB: 161182

	+++RESULTS+++
optimum total cost: 56937.0
processing time LB, Hmin: 187.66666666666666
processing time UB, Hmax: 214.33333333333334
selected schedule: [15, 16, 17]
	M1 <- [3, 0, 24, 9, 21, 33, 1, 32, 11, 10, 6, 26, 35],	C_j(s)=[ 11  23  36  51  65  80  98 118 129 144 164 181 198],	c_s=18991
	M2 <- [28, 23, 15, 22, 34, 29, 37, 4, 36, 2, 27, 5, 38, 7],	C_j(s)=[ 11  23  34  44  56  70  85  97 116 134 150 167 185 204],	c_s=19022
	M3 <- [17, 14, 30, 25, 31, 39, 12, 16, 20, 18, 13, 8, 19],	C_j(s)=[ 11  21  33  48  60  75  92 107 127 146 164 182 201],	c_s=18924

LB: 56937.0
GAP: 0.0
NBEB: 0

Heuristic processing time: 0 min 20 s
Total time elapsed: 0 min 21 s

--------------------------------------------------
machine: 3
jobs: 40
w: [66 84 30 77 28 76 11 85 83 49 20 48 64 51 38 80 30 30 20 22 69 50 72 87
 57 69 47 58 92 53 34  6 48 90 47  1 24 15 46 59]
p: [100  57  71  82  36  47  78   6  47  68  55  14  68  32  10  84  92  50
   3  99  66  48  14  78  19  24  78  56   1  46  79  16  12  17  28  77
  72  59  53  95]
smith_order: [28  7 18 33 22 32 14 11 24 25  8 34  5 13  1 29 23 20 21 27 15 12  3 38
  4  9  0 39 26 17 30  2 31 10 36 16 37 19  6 35]
serial schedule cost - UB: 1124541

	+++RESULTS+++
optimum total cost: 408855.0
processing time LB, Hmin: 612.3333333333334
processing time UB, Hmax: 745.6666666666666
selected schedule: [9, 10, 11]
	M1 <- [28, 33, 11, 8, 1, 20, 3, 4, 0, 17, 31, 16, 37, 35],	C_j(s)=[  1  18  32  79 136 202 284 320 420 470 486 578 637 714],	c_s=138340
	M2 <- [7, 32, 24, 34, 13, 23, 27, 12, 9, 26, 2, 36, 6],	C_j(s)=[  6  18  37  65  97 175 231 299 367 445 516 588 666],	c_s=135060
	M3 <- [18, 22, 14, 25, 5, 29, 21, 15, 38, 39, 30, 10, 19],	C_j(s)=[  3  17  27  51  98 144 192 276 329 424 503 558 657],	c_s=135455

LB: 408854.99999999977
GAP: 0.0
NBEB: 0

Heuristic processing time: 0 min 21 s
Total time elapsed: 0 min 24 s

--------------------------------------------------
machine: 3
jobs: 40
w: [ 36  16   3  60  63  52  15  56  82  19  56  60  91  69  95  54  50  97
  60  56  67  64  40  45  91  16  33  44  37  23  87   6  94  13 100  88
  26  46  14  93]
p: [96 74 21 21 45 64 92 26 61 57 69 34 87 21 96 76 47 59 34 71 52 57 50 79
 42 85 68  5 83 88 18 28 52 80 58 58 59 13 28 86]
smith_order: [27 30 37 13  3 24  7 32 18 11 34 17 35  4  8 20 21 39 16 12 14  5 10 22
 19 15 23 38 26 28 36  0  9 29  1 31 25  6 33  2]
serial schedule cost - UB: 1439188

	+++RESULTS+++
optimum total cost: 520486.0
processing time LB, Hmin: 682.6666666666666
processing time UB, Hmax: 810.6666666666666
selected schedule: [6, 8, 11]
	M1 <- [30, 24, 34, 35, 21, 12, 5, 15, 38, 36, 9, 31, 25, 2],	C_j(s)=[ 18  60 118 176 233 320 384 460 488 547 604 632 717 738],	c_s=173162
	M2 <- [37, 3, 32, 17, 8, 39, 10, 22, 23, 28, 29, 6],	C_j(s)=[ 13  34  86 145 206 292 361 411 490 573 661 753],	c_s=175240
	M3 <- [27, 13, 7, 18, 11, 4, 20, 16, 14, 19, 26, 0, 1, 33],	C_j(s)=[  5  26  52  86 120 165 217 264 360 431 499 595 669 749],	c_s=172084

LB: 520486.0
GAP: 0.0
NBEB: 0

Heuristic processing time: 0 min 10 s
Total time elapsed: 0 min 15 s

--------------------------------------------------
machine: 3
jobs: 40
w: [19 12 16 15 16 13 16 10 20 20 17 12 10 11 15 15 10 12 12 19 12 16 19 14
 13 12 18 18 11 12 10 14 11 20 11 20 15 12 19 16]
p: [12 16 20 18 10 10 18 13 20 13 10 17 13 19 17 11 16 16 20 12 18 20 11 16
 14 18 19 11 20 10 14 18 14 16 12 15 15 17 17 16]
smith_order: [22 10 27  4 19  0  9 15 35  5 33 29 38  8 36 39 26 24 34  6 14 23  3  2
 21 32 31 12  7 17  1 30 37 11 25 20 16 18 13 28]
serial schedule cost - UB: 150333

	+++RESULTS+++
optimum total cost: 53112.0
processing time LB, Hmin: 190.66666666666666
processing time UB, Hmax: 217.33333333333334
selected schedule: [12, 13, 14]
	M1 <- [10, 4, 9, 5, 29, 36, 26, 23, 21, 12, 17, 30, 20, 13],	C_j(s)=[ 10  20  33  43  53  68  87 103 123 136 152 166 184 203],	c_s=17626
	M2 <- [27, 19, 35, 38, 39, 34, 6, 3, 31, 1, 11, 16, 28],	C_j(s)=[ 11  23  38  55  71  83 101 119 137 153 170 186 206],	c_s=17810
	M3 <- [22, 0, 15, 33, 8, 24, 14, 2, 32, 7, 37, 25, 18],	C_j(s)=[ 11  23  34  50  70  84 101 121 135 148 165 183 203],	c_s=17676

LB: 53112.0
GAP: 0.0
NBEB: 0

Heuristic processing time: 0 min 20 s
Total time elapsed: 0 min 21 s

--------------------------------------------------
machine: 3
jobs: 40
w: [18 16 18 17 13 13 12 19 20 10 10 18 13 19 18 15 14 16 13 19 17 10 14 10
 10 18 13 18 20 11 16 10 17 15 13 12 15 17 17 13]
p: [19 20 14 19 15 17 10 12 17 11 14 19 11 10 12 16 17 19 20 12 13 12 16 15
 15 19 14 15 18 13 19 16 11 11 10 17 15 10 11 19]
smith_order: [13 37 19  7 32 38 14 33 20 34  2  6 27 12  8 28 36 11  0 25 15 26  9  3
 22  4 29 17 30 21 16  1  5 10 35 39 24 23 18 31]
serial schedule cost - UB: 152429

	+++RESULTS+++
optimum total cost: 53822.0
processing time LB, Hmin: 184.33333333333334
processing time UB, Hmax: 211.0
selected schedule: [0, 1, 2]
	M1 <- [37, 7, 20, 27, 8, 11, 15, 3, 17, 1, 35, 18],	C_j(s)=[ 10  22  35  50  67  86 102 121 140 160 177 197],	c_s=18043
	M2 <- [19, 32, 33, 2, 12, 36, 25, 9, 4, 30, 16, 10, 24, 31],	C_j(s)=[ 12  23  34  48  59  74  93 104 119 138 155 169 184 200],	c_s=18039
	M3 <- [13, 38, 14, 34, 6, 28, 0, 26, 22, 29, 21, 5, 39, 23],	C_j(s)=[ 10  21  33  43  53  71  90 104 120 133 145 162 181 196],	c_s=17740

LB: 53822.0
GAP: 0.0
NBEB: 0

Heuristic processing time: 0 min 21 s
Total time elapsed: 0 min 22 s

--------------------------------------------------
machine: 3
jobs: 40
w: [81 57 90 94 27 86 66 38 63 73 42 14 12 90 77 46 97 30 80 80 72 50 67 97
 19 53 71 49 41 58 75 43 67 33 75 29 47 65 86 81]
p: [ 8  5  5  3  3 10  3  5  6  3  2  6 10  7  7  6  9  4 10  9  3  4 10  9
  6  7  3  2  1  5  8  7  4  5  4  9  9  6  1  9]
smith_order: [38 28  3 27  9 20 26  6 10 34  2 32 13 21 29  1 14 37 16 23  8  0 30  4
 39 19  5 18 15  7 25 17 22 33 31 36 35 24 11 12]
serial schedule cost - UB: 198068

	+++RESULTS+++
optimum total cost: 70989.0
processing time LB, Hmin: 71.0
processing time UB, Hmax: 84.33333333333333
selected schedule: [6, 7, 8]
	M1 <- [28, 27, 26, 10, 32, 21, 1, 37, 0, 4, 19, 7, 17, 33, 36, 11],	C_j(s)=[ 1  3  6  8 12 16 21 27 35 38 47 52 56 61 70 76],	c_s=23150
	M2 <- [38, 9, 6, 2, 29, 16, 8, 30, 5, 15, 22, 24, 12],	C_j(s)=[ 1  4  7 12 17 26 32 40 50 56 66 72 82],	c_s=24094
	M3 <- [3, 20, 34, 13, 14, 23, 39, 18, 25, 31, 35],	C_j(s)=[ 3  6 10 17 24 33 42 52 59 66 75],	c_s=23745

LB: 70988.99999999988
GAP: 0.0
NBEB: 0

Heuristic processing time: 0 min 20 s
Total time elapsed: 0 min 21 s

--------------------------------------------------
machine: 3
jobs: 40
w: [43 12 39 25 48 52 13 15 37 69 87 59 83 51 74 95 19 25 36 97 38 82 48 43
 76 74 68 33 13 62 33 88 38 69 83 47 79 43 90 47]
p: [ 6  4  7  1 10  4  9  8  3  6  8  8  5  6  7  4  8  6  9  7  8  9  8  7
  3  3  8  8  6  1  7  6  2  7  2  7  9  3  6  6]
smith_order: [29 34 24  3 25 15 32 12 38 31 37 19  5  8  9 10 14 33 21 36 26 13 39 11
  0 35 23 22  2  4 20 30 17 27 18  1 16 28  7  6]
serial schedule cost - UB: 168569

	+++RESULTS+++
optimum total cost: 60567.0
processing time LB, Hmin: 74.0
processing time UB, Hmax: 87.33333333333333
selected schedule: [18, 19, 20]
	M1 <- [34, 15, 38, 37, 9, 33, 26, 11, 23, 4, 27, 1, 6],	C_j(s)=[ 2  6 12 15 21 28 36 44 51 61 69 73 82],	c_s=20226
	M2 <- [24, 3, 32, 31, 5, 10, 21, 13, 0, 22, 20, 17, 16, 28],	C_j(s)=[ 3  4  6 12 16 24 33 39 45 53 61 67 75 81],	c_s=20177
	M3 <- [29, 25, 12, 19, 8, 14, 36, 39, 35, 2, 30, 18, 7],	C_j(s)=[ 1  4  9 16 19 26 35 41 48 55 62 71 79],	c_s=20164

LB: 60566.999999999985
GAP: 0.0
NBEB: 0

Heuristic processing time: 0 min 21 s
Total time elapsed: 0 min 21 s

--------------------------------------------------
machine: 3
jobs: 40
w: [89  6 88 56 10 86 98 82 39 98 89 83  5  5 68 22 48 39 42 33 19 96 43  5
 15 84 34 29 70 65 84 65 61 10  3 23  6 91 84 23]
p: [100  94  97  18   1  43  56  63  12  35  88   3  32  48  18  54  61  98
  47  10  13   9  98  16  60  86  76  66   4  24  63  18  69   1  23  65
  93  75  39  72]
smith_order: [11 28 21  4 33 14 31 19  8  3  9 29 38  5  6 20 30  7 37 10 25  2 18  0
 32 16 26 27 22 15 17 35 39 23 24 12 34 13 36  1]
serial schedule cost - UB: 993866

	+++RESULTS+++
optimum total cost: 366304.0
processing time LB, Hmin: 582.6666666666666
processing time UB, Hmax: 716.0
selected schedule: [6, 7, 10]
	M1 <- [28, 14, 9, 6, 37, 2, 32, 27, 17, 24, 1],	C_j(s)=[  4  22  57 113 188 285 354 420 518 578 672],	c_s=127302
	M2 <- [11, 33, 4, 31, 3, 38, 20, 30, 10, 0, 26, 15, 39, 34, 36],	C_j(s)=[  3   4   5  23  41  80  93 156 244 344 420 474 546 569 662],	c_s=120998
	M3 <- [21, 19, 8, 29, 5, 7, 25, 18, 16, 22, 35, 23, 12, 13],	C_j(s)=[  9  19  31  55  98 161 247 294 355 453 518 534 566 614],	c_s=118004

LB: 366304.0
GAP: 0.0
NBEB: 0

Heuristic processing time: 0 min 12 s
Total time elapsed: 0 min 19 s

--------------------------------------------------
machine: 3
jobs: 40
w: [39 48 64 75 68 82 22 52 23 39 17 97 64 30 68 67 30 60 73 34 89 49 84 91
 24 25 66 60 94 78 67 26 50 74 51 58 79 44 34 79]
p: [10 10  5  8  5 10  4  7  2  6  8  6  3  5  6  6  7  5  3  4  2  6  2  9
  6  2  9  4  5  4  9 10  4  1  8  2  9 10  1  6]
smith_order: [33 20 22 38 35 18 12 29 28 11 27  4 39  2 25 32 17  8 14 15 23  3 36 19
  5 21 30  7 26  9 34 13  6  1 37 16 24  0 31 10]
serial schedule cost - UB: 173615

	+++RESULTS+++
optimum total cost: 62354.0
processing time LB, Hmin: 69.66666666666667
processing time UB, Hmax: 83.0
selected schedule: [24, 25, 26]
	M1 <- [22, 12, 11, 39, 25, 8, 15, 36, 19, 26, 13, 6, 16, 0],	C_j(s)=[ 2  5 11 17 19 21 27 36 40 49 54 58 65 75],	c_s=20874
	M2 <- [20, 35, 29, 27, 2, 17, 23, 5, 7, 9, 1, 24, 10],	C_j(s)=[ 2  4  8 12 17 22 31 41 48 54 64 70 78],	c_s=21025
	M3 <- [33, 38, 18, 28, 4, 32, 14, 3, 21, 30, 34, 37, 31],	C_j(s)=[ 1  2  5 10 15 19 25 33 39 48 56 66 76],	c_s=20455

LB: 62354.0
GAP: 0.0
NBEB: 0

Heuristic processing time: 0 min 10 s
Total time elapsed: 0 min 11 s

--------------------------------------------------
machine: 3
jobs: 40
w: [57 84 30 79 99 30 61 88 15 88 37 79 79 46 67 69 21 31 23 14 96 18 33 32
 63 73 50 20 80 94 50 93 33 25 60 61 79 30 44 19]
p: [10  7  9  4  3 10  4  1  6  8  2  2  2  3  5  9  1  2  6  3  7  4  8  4
  1  8  9  4  8  9  5  8  7  3  1  2  3  6  9  3]
smith_order: [ 7 24 34 12 11  4 35 36 16  3 10 17 13  6 20 14  1 31  9 29 28 30 25 33
 23 15 39  0 26 27 37 38 32 19 21 22 18  2  5  8]
serial schedule cost - UB: 136502

	+++RESULTS+++
optimum total cost: 49428.0
processing time LB, Hmin: 62.0
processing time UB, Hmax: 75.33333333333333
selected schedule: [24, 25, 26]
	M1 <- [24, 12, 36, 10, 13, 14, 9, 30, 33, 15, 27, 38, 22, 8],	C_j(s)=[ 1  3  6  8 11 16 24 29 32 41 45 54 62 68],	c_s=16181
	M2 <- [34, 11, 35, 16, 17, 6, 1, 29, 25, 0, 37, 19, 21, 5],	C_j(s)=[ 1  3  5  6  8 12 19 28 36 46 52 55 59 69],	c_s=16648
	M3 <- [7, 4, 3, 20, 31, 28, 23, 39, 26, 32, 18, 2],	C_j(s)=[ 1  4  8 15 23 31 35 38 47 54 60 69],	c_s=16599

LB: 49428.0
GAP: 0.0
NBEB: 0

Heuristic processing time: 0 min 10 s
Total time elapsed: 0 min 11 s

--------------------------------------------------
machine: 3
jobs: 40
w: [ 12  57  69  39  94  68  33  57  84  22  18  22  62  16  96  87  91  86
  58  63  85  50  53  68  24  46  71  64  72  11  92  79  81  55  92 100
  80  35  89  69]
p: [ 1  7  8  1  7  1  3  3  2  5  4  7  7  7  8  4  7  2  8  9  3  7  7  1
  7  8 10  1  1  3  6  2  4 10  5  4  3  3  9  5]
smith_order: [28  5 23 27 17  8 31  3 20 36 35 15 32  7 34 30 39  4 16 14  0 37  6 38
 12  2  1 22 18 21 26 19 25 33 10  9 29 24 11 13]
serial schedule cost - UB: 151097

	+++RESULTS+++
optimum total cost: 54635.0
processing time LB, Hmin: 60.0
processing time UB, Hmax: 73.33333333333333
selected schedule: [0, 1, 2]
	M1 <- [28, 27, 31, 36, 32, 30, 16, 6, 2, 18, 26, 9, 29, 13],	C_j(s)=[ 1  2  4  7 11 17 24 27 35 43 53 58 61 68],	c_s=18313
	M2 <- [5, 17, 20, 15, 7, 4, 0, 37, 38, 1, 21, 25, 10, 24],	C_j(s)=[ 1  3  6 10 13 20 21 24 33 40 47 55 59 66],	c_s=18162
	M3 <- [23, 8, 3, 35, 34, 39, 14, 12, 22, 19, 33, 11],	C_j(s)=[ 1  3  4  8 13 18 26 33 40 49 59 66],	c_s=18160

LB: 54635.0
GAP: 0.0
NBEB: 0

Heuristic processing time: 0 min 10 s
Total time elapsed: 0 min 11 s

--------------------------------------------------
machine: 3
jobs: 40
w: [ 59  11   3  40  23  45  80  61  56  38  74 100  51  89  74  34  41  59
   1   4   2   1   2  57  62  25  46  70  23  61  18  55  77  88   5  84
  12  97  40  56]
p: [59 62 13 26 17 57 55 33 55 31  2 27 90 49 80 55 21 40 84 16 76 80  7 52
 33 95  1 60 46 71 84 22 47 99 21 58 29 96 21 76]
smith_order: [26 10 11 31 16 38 24  7 13 32  3 17  6 35  4  9 27 23  8 37  0 14 33 29
  5 39 15 12 28 36 22 25 19 34  2 30  1 20 21 18]
serial schedule cost - UB: 1029430

	+++RESULTS+++
optimum total cost: 375682.0
processing time LB, Hmin: 582.6666666666666
processing time UB, Hmax: 714.6666666666666
selected schedule: [21, 22, 23]
	M1 <- [26, 31, 38, 7, 6, 27, 8, 14, 5, 15, 36, 19, 30, 18],	C_j(s)=[  1  23  44  77 132 192 247 327 384 439 468 484 568 652],	c_s=120432
	M2 <- [11, 13, 3, 17, 4, 9, 37, 33, 12, 22, 34, 2, 1, 21],	C_j(s)=[ 27  76 102 142 159 190 286 385 475 482 503 516 578 658],	c_s=130689
	M3 <- [10, 16, 24, 32, 35, 23, 0, 29, 39, 28, 25, 20],	C_j(s)=[  2  23  56 103 161 213 272 343 419 465 560 636],	c_s=124561

LB: 375681.99999999825
GAP: 0.0
NBEB: 0

Heuristic processing time: 0 min 10 s
Total time elapsed: 0 min 13 s

--------------------------------------------------
machine: 3
jobs: 40
w: [13 18 19 17 17 16 11 19 10 20 14 12 12 11 10 11 16 19 18 15 13 13 19 15
 10 13 17 14 10 20 12 19 19 15 16 15 13 16 18 17]
p: [18 11 16 13 13 18 17 19 14 16 12 10 18 14 20 11 14 16 11 15 19 15 12 19
 20 10 10 14 20 16 11 19 16 17 13 20 18 18 19 18]
smith_order: [26  1 18 22  3  4 25  9 29 34 11 17 32  2 10 16 30 15 19 27 31  7 38 39
  5 37 33 21 23 13 35 36  0  8 20 12  6 14 24 28]
serial schedule cost - UB: 159135

	+++RESULTS+++
optimum total cost: 56179.0
processing time LB, Hmin: 193.33333333333334
processing time UB, Hmax: 220.0
selected schedule: [15, 16, 17]
	M1 <- [1, 3, 9, 11, 2, 30, 31, 39, 37, 23, 36, 12, 28],	C_j(s)=[ 11  24  40  50  66  77  96 114 132 151 169 187 207],	c_s=18834
	M2 <- [26, 22, 25, 34, 32, 16, 27, 19, 5, 21, 35, 8, 6, 14],	C_j(s)=[ 10  22  32  45  61  75  89 104 122 137 157 171 188 208],	c_s=18835
	M3 <- [18, 4, 29, 17, 10, 15, 7, 38, 33, 13, 0, 20, 24],	C_j(s)=[ 11  24  40  56  68  79  98 117 134 148 166 185 205],	c_s=18510

LB: 56179.00000000127
GAP: 0.0
NBEB: 0

Heuristic processing time: 0 min 11 s
Total time elapsed: 0 min 12 s

--------------------------------------------------
machine: 3
jobs: 40
w: [17 11 20 16 16 20 19 14 17 18 14 12 11 14 14 10 12 20 17 10 15 19 19 13
 16 20 11 12 16 11 12 17 16 17 17 14 19 15 16 15]
p: [10 12 19 18 12 12 11 13 12 18 11 12 11 19 14 10 19 11 19 17 10 13 15 10
 17 13 16 12 17 15 20 17 19 18 19 10 17 11 15 19]
smith_order: [17  6  0  5 25 20 21  8 35 37  4 23 10 22 36  7 38  2 15  9 11 12 14 27
 31 33 24 28  1 34 18  3 32 39 13 29 26 16 30 19]
serial schedule cost - UB: 153927

	+++RESULTS+++
optimum total cost: 54342.0
processing time LB, Hmin: 181.0
processing time UB, Hmax: 207.66666666666666
selected schedule: [12, 13, 14]
	M1 <- [0, 5, 8, 37, 22, 38, 14, 9, 24, 1, 3, 13, 16],	C_j(s)=[ 10  22  34  45  60  75  89 107 124 136 154 173 192],	c_s=18045
	M2 <- [17, 25, 35, 4, 36, 2, 31, 15, 28, 18, 39, 26, 19],	C_j(s)=[ 11  24  34  46  63  82  99 109 126 145 164 180 197],	c_s=18413
	M3 <- [6, 20, 21, 23, 10, 7, 27, 12, 11, 33, 34, 32, 29, 30],	C_j(s)=[ 11  21  34  44  55  68  80  91 103 121 140 159 174 194],	c_s=17884

LB: 54342.000000001804
GAP: 0.0
NBEB: 0

Heuristic processing time: 0 min 12 s
Total time elapsed: 0 min 13 s

--------------------------------------------------
machine: 3
jobs: 40
w: [11 19 10 16 12 14 10 11 10 10 16 17 11 18 17 16 20 10 10 13 17 16 18 19
 10 20 18 10 10 20 12 13 15 12 11 18 16 18 14 18]
p: [18 14 10 20 16 16 18 19 12 12 20 14 11 13 17 20 19 11 14 14 19 11 19 18
 19 11 20 20 20 18 19 18 17 10 16 15 14 10 19 19]
smith_order: [25 37 21 13  1 11 35 33 36 29 23 16 12 14  2 22 39 19 17 26 20 32  5  9
  8 10 15  3  4 38 31 18 34 30  0  7  6 24 28 27]
serial schedule cost - UB: 157204

	+++RESULTS+++
optimum total cost: 55548.0
processing time LB, Hmin: 200.0
processing time UB, Hmax: 226.66666666666666
selected schedule: [27, 28, 29]
	M1 <- [37, 13, 35, 23, 14, 19, 26, 9, 10, 38, 30, 6, 27],	C_j(s)=[ 10  23  38  56  73  87 107 119 139 158 177 195 215],	c_s=18490
	M2 <- [21, 11, 33, 29, 12, 22, 17, 32, 8, 3, 31, 18, 7, 28],	C_j(s)=[ 11  25  35  53  64  83  94 111 123 143 161 175 194 214],	c_s=18519
	M3 <- [25, 1, 36, 16, 2, 39, 20, 5, 15, 4, 34, 0, 24],	C_j(s)=[ 11  25  39  58  68  87 106 122 142 158 174 192 211],	c_s=18539

LB: 55548.00000000048
GAP: 0.0
NBEB: 0

Heuristic processing time: 0 min 11 s
Total time elapsed: 0 min 12 s

--------------------------------------------------