
machine: 3
jobs: 50
w: [ 44  21  85  44  71  89  73  22  38  97  30  16  18  83  53  29  51  57
  98  16  92  61  82  28  80  67  94  61  62  43  74  60  14  97  68  85
  52  16  78  68  26  38  10  53  53 100  35  74  28  82]
p: [ 9  3  6  5  1  7  5  3  1  1  2  4  9  8  3  1 10 10  8  7  7  8  3  3
  8  3  3  9  1  7  4  7  2  7 10  4  3  2  8  8  3  7  5  8  5  4  8  1
  1  5]
smith_order: [ 9 47  4 28  8 26 15 48 22 45 25 35 30 14 36 49 10  6  2 33 20  5 18 44
 13 24 38 23  3 40 31 39 37 21  7  1 32 34 27 43 29 17 41 16  0 46 11 19
 42 12]
serial schedule cost - UB: 231693

	+++RESULTS+++
optimum total cost: 82416.0
processing time LB, Hmin: 79.0
processing time UB, Hmax: 92.33333333333333
selected schedule: [0, 1, 2]
	M1 <- [4, 28, 22, 35, 36, 6, 20, 44, 24, 31, 37, 32, 34, 29, 16, 11, 12],	C_j(s)=[ 1  2  5  9 12 17 24 29 37 44 46 48 58 65 75 79 88],	c_s=27400
	M2 <- [9, 8, 15, 45, 14, 49, 33, 18, 38, 40, 39, 7, 27, 17, 46, 42],	C_j(s)=[ 1  2  3  7 10 15 22 30 38 41 49 52 61 71 79 84],	c_s=27673
	M3 <- [47, 26, 48, 25, 30, 10, 2, 5, 13, 23, 3, 21, 1, 43, 41, 0, 19],	C_j(s)=[ 1  4  5  8 12 14 20 27 35 38 43 51 54 62 69 78 85],	c_s=27343

LB: 82416.0
GAP: 0.0
NBEB: 0

Heuristic processing time: 0 min 32 s
Total time elapsed: 0 min 33 s

--------------------------------------------------
machine: 3
jobs: 50
w: [26 87  8  7  5 79 50 25 42 62 11 20 83 91 51 13 57 15 22 76 98 30 38 30
  4 64 95 90 55 81 82 31 22 91 96 96 47 99  5 74 58 17 59 42 12 96 87 98
 74 27]
p: [ 28  97  98  51  36  99  68  66   2  93 100  20  31  21  61  52  56  92
   6  39  65  17  10   6  55  10  39  67  21  92  66  87  60  39  51  91
  69  66  30  22  52  47  47   7  12  64  53  22  34  31]
smith_order: [ 8 25 43 23 47 13 22 18 39 12 28 26 33 48 19 34 21 46 20 37 45 27 42 30
 40 35 16 11 44  0  1 29 49 14  5  6 36  9  7 32 41 31 15 38 17  4  3 10
  2 24]
serial schedule cost - UB: 1803075

	+++RESULTS+++
optimum total cost: 647445.0
processing time LB, Hmin: 749.3333333333334
processing time UB, Hmax: 882.6666666666666
selected schedule: [18, 19, 20]
	M1 <- [43, 13, 18, 28, 33, 34, 37, 42, 35, 0, 49, 5, 36, 32, 38, 17, 24],	C_j(s)=[  7  28  34  55  94 145 211 258 349 377 408 507 576 636 666 758 813],	c_s=218591
	M2 <- [23, 47, 12, 48, 21, 46, 45, 30, 16, 11, 29, 6, 7, 41, 15, 3, 2],	C_j(s)=[  6  28  59  93 110 163 227 293 349 369 461 529 595 642 694 745 843],	c_s=215836
	M3 <- [8, 25, 22, 39, 26, 19, 20, 27, 40, 44, 1, 14, 9, 31, 4, 10],	C_j(s)=[  2  12  22  44  83 122 187 254 306 318 415 476 569 656 692 792],	c_s=213018

LB: 647444.9999999957
GAP: 0.0
NBEB: 0

Heuristic processing time: 0 min 33 s
Total time elapsed: 0 min 38 s

--------------------------------------------------
machine: 3
jobs: 50
w: [14 12 19 15 10 14 19 10 18 20 10 17 16 15 15 19 17 20 12 14 18 19 18 14
 11 16 16 18 18 14 17 18 13 20 19 16 18 19 15 18 13 19 15 16 10 16 15 15
 19 16]
p: [20 15 14 14 13 17 15 16 18 10 17 17 11 15 17 15 20 13 13 17 18 20 18 11
 17 20 14 14 15 19 13 11 11 14 17 15 13 14 10 16 20 17 12 10 20 19 20 13
 13 14]
smith_order: [ 9 31 43 17 38 48 12 33 36  2 37 30 27 23 15  6 42 28 32 47 49 26 39 41
 34  3 35 11 22 20  8 13 21 18 14 16 45 19  5  1 25  4 46 29  0 40 24  7
 10 44]
serial schedule cost - UB: 260770

	+++RESULTS+++
optimum total cost: 91020.0
processing time LB, Hmin: 241.66666666666666
processing time UB, Hmax: 268.3333333333333
selected schedule: [12, 13, 14]
	M1 <- [9, 17, 33, 37, 23, 42, 32, 26, 41, 11, 13, 18, 16, 5, 46, 40, 7],	C_j(s)=[ 10  23  37  51  62  74  85  99 116 133 148 161 181 198 218 238 254],	c_s=30406
	M2 <- [43, 38, 12, 2, 27, 6, 49, 39, 3, 20, 22, 14, 19, 1, 29, 24, 10],	C_j(s)=[ 10  20  31  45  59  74  88 104 118 136 154 171 188 203 222 239 256],	c_s=30479
	M3 <- [31, 48, 36, 30, 15, 28, 47, 34, 35, 8, 21, 45, 25, 4, 0, 44],	C_j(s)=[ 11  24  37  50  65  80  93 110 125 143 163 182 202 215 235 255],	c_s=30135

LB: 91019.9999999999
GAP: 0.0
NBEB: 0

Heuristic processing time: 0 min 32 s
Total time elapsed: 0 min 34 s

--------------------------------------------------
machine: 3
jobs: 50
w: [18 14 20 12 20 14 17 15 17 16 17 11 15 13 16 14 18 14 13 13 11 10 16 12
 11 15 15 14 18 15 12 20 11 11 10 10 10 11 20 19 14 17 12 18 11 10 16 16
 13 10]
p: [18 13 12 20 15 11 18 15 15 11 15 11 12 15 20 10 16 13 17 10 11 19 18 16
 19 15 20 16 20 10 10 10 18 12 19 18 14 16 17 15 20 17 16 11 17 17 16 16
 11 19]
smith_order: [31  2 43 29  9 15  4 19  5 39 12 30 48 38 10  8 16 17  1 25 11 20  7  0
 47 46 41  6 33 28 22 27 13 14 18 42 26 23 36 40 37 44 32  3 45 24 35 21
 34 49]
serial schedule cost - UB: 227953

	+++RESULTS+++
optimum total cost: 79639.0
processing time LB, Hmin: 240.0
processing time UB, Hmax: 266.6666666666667
selected schedule: [27, 28, 29]
	M1 <- [43, 15, 19, 39, 10, 16, 46, 11, 0, 33, 27, 18, 42, 37, 32, 35, 34],	C_j(s)=[ 11  21  31  46  61  77  93 104 122 134 150 167 183 199 217 235 254],	c_s=26427
	M2 <- [2, 9, 5, 12, 38, 17, 41, 25, 7, 28, 13, 26, 40, 44, 24, 49],	C_j(s)=[ 12  23  34  46  63  76  93 108 123 143 158 178 198 215 234 253],	c_s=26683
	M3 <- [31, 29, 4, 30, 48, 8, 1, 47, 20, 6, 22, 14, 23, 36, 3, 45, 21],	C_j(s)=[ 10  20  35  45  56  71  84 100 111 129 147 167 183 197 217 234 253],	c_s=26529

LB: 79639.0
GAP: 0.0
NBEB: 0

Heuristic processing time: 0 min 32 s
Total time elapsed: 0 min 34 s

--------------------------------------------------
machine: 3
jobs: 50
w: [60 65 70 45 58 68 13 68 37 56 29 16 93 38 96 92 99 32 81 40 61 12 19 36
 82 86 42 64 78 12 44 76 60 91 97 79 43 12 29 90 35 71 30 52 98 90 22 92
 55 26]
p: [ 2  5  1  7  5  9  1  8 10  8  8  1  2  3  4  4  4 10 10  1  7  9  6  1
  7  5  3  9  9  4  4  3  4  5  1 10  7  5  3  9  9  4  2  2  9  9  4  3
  6  5]
smith_order: [34  2 12 19 23 47  0 43 31 16 14 15 33 41 25 11 32 42 26  6  1 13 24  4
 30 44 45 39 38 48 20 28  7 18 35  5 27  9  3 36 46 49 40  8 10 17 22 29
 37 21]
serial schedule cost - UB: 238293

	+++RESULTS+++
optimum total cost: 84783.0
processing time LB, Hmin: 82.33333333333333
processing time UB, Hmax: 95.66666666666667
selected schedule: [3, 4, 5]
	M1 <- [34, 19, 23, 31, 14, 41, 32, 1, 44, 38, 20, 18, 27, 36, 40, 17],	C_j(s)=[ 1  2  3  6 10 14 18 23 32 35 42 52 61 68 77 87],	c_s=28502
	M2 <- [12, 0, 43, 15, 25, 11, 13, 4, 30, 45, 28, 35, 9, 49, 10, 22, 21],	C_j(s)=[ 2  4  6 10 15 16 19 24 28 37 46 56 64 69 77 83 92],	c_s=28184
	M3 <- [2, 47, 16, 33, 42, 26, 6, 24, 39, 48, 7, 5, 3, 46, 8, 29, 37],	C_j(s)=[ 1  4  8 13 15 18 19 26 35 41 49 58 65 69 79 83 88],	c_s=28097

LB: 84783.0
GAP: 0.0
NBEB: 0

Heuristic processing time: 0 min 33 s
Total time elapsed: 0 min 34 s

--------------------------------------------------
machine: 3
jobs: 50
w: [32 14 22 57  5 13 88 74 52 25 12 84  3 28 51 37 21 22 34  9 29 40 56 41
 18 67 90 63 23 66 48 66 54 71  2 12 21 68 37 57 13 69 30 14 45 43 99 41
 95  4]
p: [  8  72  80  29  40  67  11  50  58  93  62  72  11  74  18  31 100  62
  44  97  76   7  44  47  75  89   3  68  35  27  52  34  48   8   6  95
  13  98  34  13  37  52  32   6  16  36  74  33  67   4]
smith_order: [26 33  6 21 39  0 14 44 29 43  3 31 36  7 48 46 41 22 47 45 15 11 32 38
 49 42 27 30  8 23 18 25 37 28 20 13 17 40 34  2 12  9 24 16  1  5 10 35
  4 19]
serial schedule cost - UB: 1235114

	+++RESULTS+++
optimum total cost: 444173.0
processing time LB, Hmin: 702.6666666666666
processing time UB, Hmax: 836.0
selected schedule: [15, 16, 17]
	M1 <- [33, 39, 29, 36, 48, 22, 15, 38, 49, 42, 8, 37, 13, 34, 12, 24, 1, 10, 4],	C_j(s)=[  8  21  48  61 128 172 203 237 241 273 331 429 503 509 520 595 667 729
 769],	c_s=149127
	M2 <- [26, 21, 0, 44, 31, 46, 47, 11, 30, 23, 18, 28, 17, 2, 16, 35],	C_j(s)=[  3  10  18  34  68 142 175 247 299 346 390 425 487 567 667 762],	c_s=147157
	M3 <- [6, 14, 43, 3, 7, 41, 45, 32, 27, 25, 20, 40, 9, 5, 19],	C_j(s)=[ 11  29  35  64 114 166 202 250 318 407 483 520 613 680 777],	c_s=147889

LB: 444172.99999999953
GAP: 0.0
NBEB: 0

Heuristic processing time: 0 min 34 s
Total time elapsed: 0 min 41 s

--------------------------------------------------
machine: 3
jobs: 50
w: [20 15 14 10 14 19 19 20 15 17 11 11 14 18 11 15 18 15 17 18 20 15 15 19
 19 13 19 14 19 10 20 12 16 11 13 20 17 18 11 17 14 15 14 13 19 19 11 15
 14 20]
p: [15 18 18 17 15 19 13 15 10 20 17 17 11 19 10 17 10 10 18 13 17 15 12 13
 10 19 17 15 13 15 19 16 11 10 10 13 11 20 10 14 14 15 10 17 16 16 16 18
 12 10]
smith_order: [49 24 16 36 35  8 17 23  6 28 32 42 19  7  0 34 12 22 39 45 44 20 48 26
 38 14 33 30  5 41 40 21 13 18  4 27 37 15  9  1 47  2 43 31 46 25 29 10
 11  3]
serial schedule cost - UB: 243333

	+++RESULTS+++
optimum total cost: 84953.0
processing time LB, Hmin: 228.66666666666666
processing time UB, Hmax: 255.33333333333334
selected schedule: [27, 28, 29]
	M1 <- [24, 36, 28, 23, 0, 22, 45, 26, 30, 21, 4, 37, 1, 31, 29, 11],	C_j(s)=[ 10  21  34  47  62  74  90 107 126 141 156 176 194 210 225 242],	c_s=28508
	M2 <- [16, 35, 6, 42, 7, 12, 44, 48, 38, 40, 41, 18, 15, 47, 43, 46, 3],	C_j(s)=[ 10  23  36  46  61  72  88 100 110 124 139 157 174 192 209 225 242],	c_s=28070
	M3 <- [49, 8, 17, 32, 19, 34, 39, 20, 33, 14, 5, 13, 27, 9, 2, 25, 10],	C_j(s)=[ 10  20  30  41  54  64  78  95 105 115 134 153 168 188 206 225 242],	c_s=28375

LB: 84953.0
GAP: 0.0
NBEB: 0

Heuristic processing time: 0 min 34 s
Total time elapsed: 0 min 36 s

--------------------------------------------------
machine: 3
jobs: 50
w: [12 12 16 15 15 16 15 18 17 19 15 18 19 20 15 10 18 17 13 19 10 17 10 15
 19 14 11 15 14 18 17 20 12 18 15 19 17 15 18 14 15 11 18 12 19 14 10 13
 18 10]
p: [20 16 17 18 18 14 18 18 18 10 10 10 14 13 11 14 17 18 13 12 18 13 17 13
 20 16 13 15 15 17 11 13 16 14 13 16 16 20 13 16 11 11 20 11 11 19 19 17
 15 20]
smith_order: [ 9 11 44 19 30 13 31 10 38 14 40 12 21 33 48 35 23 34  5 43 36 16 29 18
  7 27 41 24  8 17  2 28 42 39 25 26  4  3  6 47 32  1 37 45 15  0 22 20
 46 49]
serial schedule cost - UB: 245473

	+++RESULTS+++
optimum total cost: 85722.0
processing time LB, Hmin: 239.33333333333334
processing time UB, Hmax: 266.0
selected schedule: [0, 1, 2]
	M1 <- [11, 30, 31, 40, 33, 34, 43, 16, 7, 8, 28, 25, 6, 32, 45, 22, 49],	C_j(s)=[ 10  21  34  45  59  72  83 100 118 136 151 167 185 201 220 237 257],	c_s=28925
	M2 <- [9, 19, 10, 14, 21, 35, 23, 29, 41, 24, 2, 39, 4, 47, 1, 15, 20],	C_j(s)=[ 10  22  32  43  56  72  85 102 113 133 150 166 184 201 217 231 249],	c_s=28435
	M3 <- [44, 13, 38, 12, 48, 5, 36, 27, 18, 17, 42, 26, 3, 37, 0, 46],	C_j(s)=[ 11  24  37  51  66  80  96 111 124 142 162 175 193 213 233 252],	c_s=28362

LB: 85721.99999999987
GAP: 0.0
NBEB: 0

Heuristic processing time: 0 min 33 s
Total time elapsed: 0 min 35 s

--------------------------------------------------
machine: 3
jobs: 50
w: [ 59   9  33  74  19  97  93   3  59  53  10  81  88  30   1  75  93  23
  76  68  72  98  39  60  60  12  33  82  29  41  99  48   9  70  17  97
  75  41  45  56  45  39   2 100  39   8  12  12   4  78]
p: [ 88  93  83   2  28  66  74  11  28  21  26  26  89   2  74  57   2  42
  35   7  87  10   7  32  62  20  61  65 100  13  26  85  50  91   5  26
  50  92  78  89  99  59  51  74  72   1  25  29  97  94]
smith_order: [16  3 13 21 19 45 22 30 35 34 29 11  9 18  8 23 36  5 43 15 27  6 12 24
 49 20 33  4  0 41 39 25 38 31 17 44 26 46 40 37 47  2 10 28  7 32  1 48
 42 14]
serial schedule cost - UB: 1575034

	+++RESULTS+++
optimum total cost: 568571.0
processing time LB, Hmin: 768.0
processing time UB, Hmax: 901.3333333333334
selected schedule: [15, 16, 17]
	M1 <- [3, 21, 34, 11, 18, 5, 27, 24, 20, 0, 31, 46, 40, 10, 7, 32, 48],	C_j(s)=[  2  12  17  43  78 144 209 271 358 446 531 556 655 681 692 742 839],	c_s=191035
	M2 <- [16, 19, 30, 29, 8, 36, 15, 12, 33, 39, 17, 26, 37, 28, 42],	C_j(s)=[  2   9  35  48  76 126 183 272 363 452 494 555 647 747 798],	c_s=188011
	M3 <- [13, 45, 22, 35, 9, 23, 43, 6, 49, 4, 41, 25, 38, 44, 47, 2, 1, 14],	C_j(s)=[  2   3  10  36  57  89 163 237 331 359 418 438 516 588 617 700 793 867],	c_s=189525

LB: 568571.0000000033
GAP: 0.0
NBEB: 0

Heuristic processing time: 0 min 32 s
Total time elapsed: 0 min 40 s

--------------------------------------------------
machine: 3
jobs: 50
w: [ 10  39   5  14  11   9  76  13   9  66  55  93  20 100  75  92  92  56
  30  17  99  83  15  28  75  55  69  28  60  88  47  50  96  55  95   9
  54  19  34  69  80  93  15  87  76   7  49  25  73  58]
p: [ 64  11  25  93  22  20  11   5  42  74  72  64  58  12  81  65  60  17
  25  74  76  60  46   7  22  29   5  56  44  49  84  79  62  67  42 100
  91  63   8  61  47  48  35  41  41  70  18  24  79 100]
smith_order: [26 13  6 38 23  1 24 17 46  7 34 43 41 25 44 29 40 32 16 11 15 21 28 20
 18 39 47 14 48  9 33 10 31 36 49 30 27  4  5 42 12 22 37 19  8  2  0  3
 45 35]
serial schedule cost - UB: 1775668

	+++RESULTS+++
optimum total cost: 636350.0
processing time LB, Hmin: 749.6666666666666
processing time UB, Hmax: 883.0
selected schedule: [6, 7, 8]
	M1 <- [6, 23, 17, 34, 25, 40, 11, 21, 39, 9, 31, 30, 42, 22, 8, 0, 45],	C_j(s)=[ 11  18  35  77 106 153 217 277 338 412 491 575 610 656 698 762 832],	c_s=212662
	M2 <- [26, 38, 1, 46, 41, 44, 32, 28, 20, 48, 10, 49, 4, 12, 19, 35],	C_j(s)=[  5  13  24  42  90 131 193 237 313 392 464 564 586 644 718 818],	c_s=211584
	M3 <- [13, 24, 7, 43, 29, 16, 15, 18, 47, 14, 33, 36, 27, 5, 37, 2, 3],	C_j(s)=[ 12  34  39  80 129 189 254 279 303 384 451 542 598 618 681 706 799],	c_s=212104

LB: 636349.9999999998
GAP: 0.0
NBEB: 0

Heuristic processing time: 0 min 34 s
Total time elapsed: 0 min 40 s

--------------------------------------------------
machine: 3
jobs: 50
w: [16 17 13 14 14 10 17 17 18 10 10 10 14 14 11 18 11 13 20 18 20 20 14 13
 16 15 17 10 11 14 11 16 14 14 19 18 12 16 16 19 16 13 13 18 15 18 10 14
 10 14]
p: [17 15 16 20 13 10 13 14 13 10 14 12 15 11 17 19 15 18 20 17 13 12 10 19
 16 20 13 11 10 16 17 16 19 13 10 18 12 20 19 15 20 17 10 18 10 13 11 11
 11 17]
smith_order: [34 21 20 44 22 45  8 26  6 42 47 13 39  7  1 28 33  4 19 18 24  9 31 36
  5 43 35 15  0 12 27 46 48 29 38 11 49  2 37 40 41 25 32 16 17 10  3 23
 30 14]
serial schedule cost - UB: 235460

	+++RESULTS+++
optimum total cost: 82166.0
processing time LB, Hmin: 232.0
processing time UB, Hmax: 258.6666666666667
selected schedule: [18, 19, 20]
	M1 <- [20, 45, 6, 47, 1, 19, 43, 36, 9, 0, 48, 38, 37, 25, 17, 23],	C_j(s)=[ 13  26  39  50  65  82 100 112 122 139 150 169 189 209 227 246],	c_s=27772
	M2 <- [21, 22, 26, 13, 7, 33, 35, 31, 24, 12, 46, 11, 2, 41, 16, 3, 14],	C_j(s)=[ 12  22  35  46  60  73  91 107 123 138 149 161 177 194 209 229 246],	c_s=27213
	M3 <- [34, 44, 8, 42, 39, 28, 4, 18, 5, 15, 27, 29, 49, 40, 32, 10, 30],	C_j(s)=[ 10  20  33  43  58  68  81 101 111 130 141 157 174 194 213 227 244],	c_s=27181

LB: 82166.0
GAP: 0.0
NBEB: 0

Heuristic processing time: 0 min 32 s
Total time elapsed: 0 min 33 s

--------------------------------------------------
machine: 3
jobs: 50
w: [16 19 10 20 14 11 20 14 19 13 18 11 14 16 18 12 16 19 17 15 18 13 12 15
 20 13 19 18 17 19 16 11 16 16 18 14 13 11 20 19 13 20 16 19 10 18 11 20
 20 19]
p: [18 17 19 19 10 15 12 17 19 16 13 19 19 12 11 10 15 14 17 15 11 12 12 17
 18 15 16 20 20 16 19 17 14 14 12 15 11 18 12 17 16 10 10 18 14 19 16 16
 11 13]
smith_order: [41 48  6 38 14 20 42 34 49  4 10 17 13 47 15 26 29 36 33 32 39  1 24 21
 16 43  3 22  8 19 18 45 35 27  0 23 25 28 30  7  9 40 12  5 44 46 31 37
 11  2]
serial schedule cost - UB: 256578

	+++RESULTS+++
optimum total cost: 89592.0
processing time LB, Hmin: 238.66666666666666
processing time UB, Hmax: 265.3333333333333
selected schedule: [27, 28, 29]
	M1 <- [48, 38, 34, 10, 47, 29, 39, 21, 3, 18, 27, 30, 7, 12, 31, 2],	C_j(s)=[ 11  23  35  48  64  80  97 109 128 145 165 184 201 220 237 256],	c_s=30234
	M2 <- [6, 20, 49, 17, 15, 36, 32, 24, 43, 8, 35, 0, 25, 9, 5, 44, 11],	C_j(s)=[ 12  23  36  50  60  71  85 103 121 140 155 173 188 204 219 233 252],	c_s=29855
	M3 <- [41, 14, 42, 4, 13, 26, 33, 1, 16, 22, 19, 45, 23, 28, 40, 46, 37],	C_j(s)=[ 10  21  31  41  53  69  83 100 115 127 142 161 178 198 214 230 248],	c_s=29503

LB: 89592.00000000001
GAP: 0.0
NBEB: 0

Heuristic processing time: 0 min 16 s
Total time elapsed: 0 min 18 s

--------------------------------------------------
machine: 3
jobs: 50
w: [56 16 67 13 47 46 23 92 81 97 11 70 92 70 97 53 71 69 67 42 83 40 12 16
 16 66 38 70 99 79 29 32 29 96 82 83 18 36 40 21 22 10 72 22 24 88 81 83
 57 32]
p: [ 6  8  9  5  1  7  1  6 10 10  3  5  9 10  7  6  7  8  3  5  2 10  4  3
  3  5  8  8  7  3  3  9 10  9  4 10  9  1  6  4  1  3  4  4  7  7  2  7
  7  1]
smith_order: [ 4 20 46 37 49 29  6 18 40 34 42  7 28 11 14 25 45 47 33 12 16  9 30  0
 15 27 17 19 35 48  8  2 13 38  5 43 24 23 39 26 21 10 31 44 41 22 32  3
  1 36]
serial schedule cost - UB: 256680

	+++RESULTS+++
optimum total cost: 91251.0
processing time LB, Hmin: 89.0
processing time UB, Hmax: 102.33333333333333
selected schedule: [24, 25, 26]
	M1 <- [46, 49, 18, 7, 11, 47, 16, 30, 15, 19, 48, 2, 5, 39, 10, 31, 22, 1],	C_j(s)=[ 2  3  6 12 17 24 31 34 40 45 52 61 68 72 75 84 88 96],	c_s=29939
	M2 <- [20, 6, 40, 34, 28, 25, 33, 9, 17, 8, 38, 43, 23, 21, 32, 3],	C_j(s)=[ 2  3  4  8 15 20 29 39 47 57 63 67 70 80 90 95],	c_s=30370
	M3 <- [4, 37, 29, 42, 14, 45, 12, 0, 27, 35, 13, 24, 26, 44, 41, 36],	C_j(s)=[ 1  2  5  9 16 23 32 38 46 56 66 69 77 84 87 96],	c_s=30942

LB: 91251.0
GAP: 0.0
NBEB: 0

Heuristic processing time: 0 min 17 s
Total time elapsed: 0 min 18 s

--------------------------------------------------
machine: 3
jobs: 50
w: [ 93  85  58  19  46  88  53  93  58  13  47  85  25  32  52  72  35  65
  47  64  48  56  39  21  66  79  50  24  91  81  73 100  78  63  54  62
  68  91  17  42  97  16  70  26  44 100  57  23  97  83]
p: [ 6  9  2  9  8  5  9  6  9  8  9  8  1  5 10  3  5 10  3  3  6  5 10  6
  9  6 10  3  2  7  3  3  6  5  2  2  9 10  7  9  3  9  4 10 10  1  9  3
  5  2]
smith_order: [45 28 49 31 40 35  2 34 12 30 15 19 48  5 42 18  7  0 25 32 33 29 21 11
  1 37 27 20 47 36 24 16 17  8 13 46  6  4 10 14 26 39 44 22 23 43 38  3
 41  9]
serial schedule cost - UB: 268480

	+++RESULTS+++
optimum total cost: 95337.0
processing time LB, Hmin: 94.66666666666667
processing time UB, Hmax: 108.0
selected schedule: [0, 1, 2]
	M1 <- [49, 40, 34, 12, 48, 0, 32, 11, 27, 20, 47, 16, 13, 46, 14, 39, 23, 3],	C_j(s)=[ 2  5  7  8 13 19 25 33 36 42 45 50 55 64 74 83 89 98],	c_s=31150
	M2 <- [28, 35, 2, 15, 5, 7, 33, 21, 37, 24, 8, 4, 10, 44, 43, 9],	C_j(s)=[  2   4   6   9  14  20  25  30  40  49  58  66  75  85  95 103],	c_s=32121
	M3 <- [45, 31, 30, 19, 42, 18, 25, 29, 1, 36, 17, 6, 26, 22, 38, 41],	C_j(s)=[  1   4   7  10  14  17  23  30  39  48  58  67  77  87  94 103],	c_s=32066

LB: 95337.0
GAP: 0.0
NBEB: 0

Heuristic processing time: 0 min 17 s
Total time elapsed: 0 min 18 s

--------------------------------------------------
machine: 3
jobs: 50
w: [14 11 14 20 16 15 11 13 12 10 16 19 19 14 11 13 19 14 18 10 18 13 12 10
 13 20 15 17 18 17 14 16 11 16 11 19 17 16 20 11 12 15 12 11 19 15 17 15
 11 10]
p: [20 14 16 19 13 11 14 12 12 15 13 15 12 16 18 17 18 10 19 10 16 16 13 20
 15 15 14 12 11 17 14 10 10 19 15 18 12 10 17 12 20 10 17 15 17 12 13 20
 20 16]
smith_order: [28 37 31 12 41 27 36 17  5 25 46 11 45 10  4 38 20 44 32  7 26 16 35  3
 29 19 30  8 18 22 39  2 13 24 33 21  6  1 15 47 34 43 42  0  9 49 14 40
 48 23]
serial schedule cost - UB: 230238

	+++RESULTS+++
optimum total cost: 80407.0
processing time LB, Hmin: 233.33333333333334
processing time UB, Hmax: 260.0
selected schedule: [12, 13, 14]
	M1 <- [37, 12, 17, 25, 10, 20, 7, 35, 30, 18, 13, 21, 47, 0, 14, 23],	C_j(s)=[ 10  22  32  47  60  76  88 106 120 139 155 171 191 211 229 249],	c_s=26855
	M2 <- [31, 41, 36, 46, 45, 38, 32, 16, 29, 8, 2, 24, 6, 15, 42, 9, 40],	C_j(s)=[ 10  20  32  45  57  74  84 102 119 131 147 162 176 193 210 225 245],	c_s=26880
	M3 <- [28, 27, 5, 11, 4, 44, 26, 3, 19, 22, 39, 33, 1, 34, 43, 49, 48],	C_j(s)=[ 11  23  34  49  62  79  93 112 122 135 147 166 180 195 210 226 246],	c_s=26672

LB: 80407.0
GAP: 0.0
NBEB: 0

Heuristic processing time: 0 min 32 s
Total time elapsed: 0 min 34 s

--------------------------------------------------
machine: 3
jobs: 50
w: [17 11 13 20 10 15 14 18 12 15 18 19 17 19 15 13 16 13 15 13 16 10 13 12
 17 17 20 12 18 13 13 13 12 18 18 13 10 20 11 12 20 18 13 15 16 12 15 20
 15 18]
p: [11 12 18 20 15 18 15 14 10 12 19 10 16 12 15 13 18 18 18 14 13 16 12 13
 13 12 15 15 17 15 10 17 11 19 19 20 13 15 19 10 14 12 16 16 17 18 14 19
 20 20]
smith_order: [11 13  0 41 40 25 26 37 24 30  7  9 20 39  8 32 22 46 12 28 47 15  3 14
 33 34 10 44 43  6 19 23  1 49 16 29 18  5 42 27 36 31 48 17  2 45  4 35
 21 38]
serial schedule cost - UB: 249409

	+++RESULTS+++
optimum total cost: 87009.0
processing time LB, Hmin: 239.33333333333334
processing time UB, Hmax: 266.0
selected schedule: [27, 28, 29]
	M1 <- [13, 40, 24, 9, 39, 32, 28, 15, 33, 44, 19, 1, 29, 42, 31, 2, 35],	C_j(s)=[ 12  26  39  51  61  72  89 102 121 138 152 164 179 195 212 230 250],	c_s=28724
	M2 <- [11, 41, 26, 30, 20, 22, 47, 3, 10, 43, 49, 18, 27, 48, 45, 21],	C_j(s)=[ 10  22  37  47  60  72  91 111 130 146 166 184 199 219 237 253],	c_s=29198
	M3 <- [0, 25, 37, 7, 8, 46, 12, 14, 34, 6, 23, 16, 5, 36, 17, 4, 38],	C_j(s)=[ 11  23  38  52  62  76  92 107 126 141 154 172 190 203 221 236 255],	c_s=29087

LB: 87009.0
GAP: 0.0
NBEB: 0

Heuristic processing time: 0 min 36 s
Total time elapsed: 0 min 38 s

--------------------------------------------------
machine: 3
jobs: 50
w: [24 83 65 64 96  1 42 75 48 60 22 91 26 20 39 14 70 35 18 90 63 57 59 45
 10 17 48 91 65 75 56 88 21 98 75 53 91 32 35  8 30 82 31 72 78 26 59 46
  5 35]
p: [ 88  75   5  27  74  11  41  50  64  42   6   5  78  82  85  93  46  52
  24  67  72  38  81  38  95 100   8  28  23  76  13  77  29  93  87  49
  80  52   4  76  80  29   2  31  58  37   6  96  16  12]
smith_order: [11 42  2 46 38 26 30 10 27 49 41 28  3 43 16 21  7  9 44 19  4 23 31 36
  1 35 33  6 29 20 34  8 18 22 32 45 17 37 47 14 40 12 48  0 13 25 15 39
 24  5]
serial schedule cost - UB: 1763072

	+++RESULTS+++
optimum total cost: 632008.0
processing time LB, Hmin: 767.0
processing time UB, Hmax: 900.3333333333334
selected schedule: [6, 7, 8]
	M1 <- [11, 38, 10, 49, 28, 43, 21, 4, 31, 35, 29, 8, 32, 17, 14, 48, 13, 15],	C_j(s)=[  5   9  15  27  50  81 119 193 270 319 395 459 488 540 625 641 723 816],	c_s=211374
	M2 <- [2, 26, 27, 3, 7, 19, 23, 1, 6, 34, 22, 47, 12, 25, 39],	C_j(s)=[  5  13  41  68 118 185 223 298 339 426 507 603 681 781 857],	c_s=210979
	M3 <- [42, 46, 30, 41, 16, 9, 44, 36, 33, 20, 18, 45, 37, 40, 0, 24, 5],	C_j(s)=[  2   8  21  50  96 138 196 276 369 441 465 502 554 634 722 817 828],	c_s=209655

LB: 632008.0
GAP: 0.0
NBEB: 0

Heuristic processing time: 0 min 32 s
Total time elapsed: 0 min 38 s

--------------------------------------------------
machine: 3
jobs: 50
w: [55 91 98 61 22 98 85 68  8 13  1 53 68 81  4 56 42 73 88 42 66 19 67 90
 40  6 31 34 10 65 30 70 18 25 56 10  1 32 43 49 88 63 15 55  1 77 79 68
 41 76]
p: [84 73 57 30 35 21 53 76 65 48 52 66 99 50 74 36 83 47 29 74 37  3 68 87
 74 84 96 98 58 57 78 37 18 21 73 21 52 27 30 96 67 16 40 21 85 74 82 90
 28 43]
smith_order: [21  5 41 18 43  3 31 20 49  2 13  6 15 17 48 38 40  1 33 37 29 45 23 32
 22 46  7 11 34 47 12  0  4 19 24 39 16 35 30 42 27 26  9 28  8 25 14 10
 36 44]
serial schedule cost - UB: 2020252

	+++RESULTS+++
optimum total cost: 721084.0
processing time LB, Hmin: 871.6666666666666
processing time UB, Hmax: 1003.6666666666666
selected schedule: [12, 13, 14]
	M1 <- [5, 3, 20, 13, 48, 40, 29, 32, 22, 11, 12, 4, 16, 42, 26, 25, 36],	C_j(s)=[ 21  51  88 138 166 233 290 308 376 442 541 576 659 699 795 879 931],	c_s=240950
	M2 <- [41, 43, 49, 6, 15, 38, 33, 37, 45, 46, 34, 0, 39, 30, 9, 8, 10, 44],	C_j(s)=[ 16  37  80 133 169 199 220 247 321 403 476 560 656 734 782 847 899 984],	c_s=238852
	M3 <- [21, 18, 31, 2, 17, 1, 23, 7, 47, 19, 24, 35, 27, 28, 14],	C_j(s)=[  3  32  69 126 173 246 333 409 499 573 647 668 766 824 898],	c_s=241282

LB: 721084.0
GAP: 0.0
NBEB: 0

Heuristic processing time: 0 min 33 s
Total time elapsed: 0 min 40 s

--------------------------------------------------
machine: 3
jobs: 50
w: [83 19 42 51 92 33 10 42 45 59 61 22 81  3 92 37 38 24 69 50  7 84 62 97
 13 57 35 43 61 99 16 16 37 10 69 95 92 36 10 92 51 31 54 41 57 99 60 53
 85 16]
p: [ 9 27 35 57 50 11 81  2  9 80 80 44 23 61 82 62 31 43 83 12 46 95 86 91
 87 82 95 53 90 49 91 99 60 15 45 47 13 76 22 97 83  2 77 94 47 61 32 19
 58 61]
smith_order: [ 7 41  0 36  8 19 12  5 47 35 29 46  4 45 34 48 16 44  2 14 23 39  3 21
 18 27 10  9 22  1 42 25 28 33 32 40 15 17 11 37 38 43 26 49 30 31 20 24
  6 13]
serial schedule cost - UB: 2028819

	+++RESULTS+++
optimum total cost: 725508.0
processing time LB, Hmin: 852.3333333333334
processing time UB, Hmax: 984.3333333333334
selected schedule: [27, 28, 29]
	M1 <- [7, 36, 5, 29, 46, 48, 2, 39, 18, 9, 28, 32, 17, 43, 30, 6],	C_j(s)=[  2  15  26  75 107 165 200 297 380 460 550 610 653 747 838 919],	c_s=244293
	M2 <- [41, 8, 12, 35, 45, 44, 23, 21, 22, 42, 33, 40, 37, 49, 31, 13],	C_j(s)=[  2  11  34  81 142 189 280 375 461 538 553 636 712 773 872 933],	c_s=244848
	M3 <- [0, 19, 47, 4, 34, 16, 14, 3, 27, 10, 1, 25, 15, 11, 38, 26, 20, 24],	C_j(s)=[  9  21  40  90 135 166 248 305 358 438 465 547 609 653 675 770 816 903],	c_s=236367

LB: 725508.0
GAP: 0.0
NBEB: 0

Heuristic processing time: 0 min 16 s
Total time elapsed: 0 min 22 s

--------------------------------------------------
machine: 3
jobs: 50
w: [ 82  40  73  62  50  85  51  42  73  54  41  47  59  88  94  16  84  34
  12 100  58  49  58  58  29  29  97  49  46  10  40  65  73  19  23  32
 100  36  42  63  55  38  99  36  39  78  67  11  36  63]
p: [ 1 10  4  8  7  5 10  8  4  2  2  9  7  8 10  4  4  1  9  6  3  8  7  3
  7  5  9 10 10  1  3  3  7  8  6  5  5  8  4  4  2  6  4 10  4 10  1  1
  6  5]
smith_order: [ 0 46 17 40  9 42 31 16 10 36 20 23  8  2  5 19 39 30 49 13 47 26 38 32
 29 44 14 12 22 45  3  4 35 41 21 48 25  7 11  6 27 28 37 24  1 15 34 43
 33 18]
serial schedule cost - UB: 244803

	+++RESULTS+++
optimum total cost: 86892.0
processing time LB, Hmin: 88.0
processing time UB, Hmax: 101.33333333333333
selected schedule: [18, 19, 20]
	M1 <- [0, 40, 31, 20, 23, 5, 30, 26, 29, 44, 12, 3, 21, 7, 27, 24, 34, 18],	C_j(s)=[ 1  3  6  9 12 17 20 29 30 34 41 49 57 65 75 82 88 97],	c_s=28760
	M2 <- [17, 42, 16, 8, 19, 13, 32, 22, 4, 35, 48, 11, 28, 15, 43],	C_j(s)=[ 1  5  9 13 19 27 34 41 48 53 59 68 78 82 92],	c_s=28998
	M3 <- [46, 9, 10, 36, 2, 39, 49, 47, 38, 14, 45, 41, 25, 6, 37, 1, 33],	C_j(s)=[ 1  3  5 10 14 18 23 24 28 38 48 54 59 69 77 87 95],	c_s=29134

LB: 86892.0
GAP: 0.0
NBEB: 0

Heuristic processing time: 0 min 16 s
Total time elapsed: 0 min 17 s

--------------------------------------------------
machine: 3
jobs: 50
w: [ 32  67  94  92  30  66  13  14  47  29  88  56 100  38  38  66  48  74
  92  11  63  95  53  14  77  67  24  20 100  52  55  35  89  62  24  58
  45  98  65  93  33  32  38  62  21  21  78  67  14  71]
p: [ 5  6  4 10  5  4  2  8  6  2  6  5  3  2 10  5  7  6  9  8 10  3  9  9
  3  3  7  9  8  3  7  3  6  1  9  8  1  8  7  8  6  2  5  1  9  2  6  9
  8  7]
smith_order: [43 33 36 12 21 24  2 25 13 29  5 41 32 10  9 15 46 28 17 37 31 39 11  1
 45 18 49 38  3 30  8 42 47 35 16  6  0 20  4 22 40 14 26 34 44 27  7 48
 23 19]
serial schedule cost - UB: 247238

	+++RESULTS+++
optimum total cost: 87843.0
processing time LB, Hmin: 90.0
processing time UB, Hmax: 103.33333333333333
selected schedule: [24, 25, 26]
	M1 <- [21, 2, 41, 10, 15, 17, 39, 3, 8, 35, 20, 14, 27, 23],	C_j(s)=[ 3  7  9 15 20 26 34 44 50 58 68 78 87 96],	c_s=29051
	M2 <- [33, 12, 25, 5, 9, 46, 37, 11, 18, 38, 42, 16, 6, 4, 40, 34, 7, 19],	C_j(s)=[ 1  4  7 11 13 19 27 32 41 48 53 60 62 67 73 82 90 98],	c_s=29271
	M3 <- [43, 36, 24, 13, 29, 32, 28, 31, 1, 45, 49, 30, 47, 0, 22, 26, 44, 48],	C_j(s)=[ 1  2  5  7 10 16 24 27 33 35 42 49 58 63 72 79 88 96],	c_s=29521

LB: 87842.99999999967
GAP: 0.0
NBEB: 0

Heuristic processing time: 0 min 18 s
Total time elapsed: 0 min 19 s

--------------------------------------------------
machine: 3
jobs: 50
w: [ 95  10  65  80  13  48   5  12  87  50  21  54  23  10  86  89  71  47
  37  77  86  66  46  61  36   3  53  43  25  53  97  25  81  61  36  97
  34 100  78  47  89  31  32  52  98  84  56  90  96   1]
p: [15 72  3 47 24 10 39 51 37 62 31  3 66 96 84 47  3 20 73 44 87 67  1 60
 20 87 31 69 68 68 55 95 17 78 75 87 40 24 27 38 63 86 27 61 12 38 94 35
 27 76]
smith_order: [22 16  2 11 44  0  5 32 37 48 38 47  8 17 45 15 24 30 19 26  3 40 39 42
 35 14 23 20 21 43 36  9 33 29 10 27 46  4 18 34 28 41 12 31  7  1  6 13
 25 49]
serial schedule cost - UB: 1645974

	+++RESULTS+++
optimum total cost: 591286.0
processing time LB, Hmin: 749.3333333333334
processing time UB, Hmax: 877.3333333333334
selected schedule: [9, 10, 11]
	M1 <- [16, 11, 5, 32, 38, 17, 15, 3, 35, 21, 36, 33, 10, 4, 18, 41, 1, 25],	C_j(s)=[  3   6  16  33  60  80 127 174 261 328 368 446 477 501 574 660 732 819],	c_s=192329
	M2 <- [22, 44, 37, 47, 45, 19, 26, 39, 23, 20, 29, 27, 34, 12, 7, 6, 49],	C_j(s)=[  1  13  37  72 110 154 185 223 283 370 438 507 582 648 699 738 814],	c_s=195730
	M3 <- [2, 0, 48, 8, 24, 30, 40, 42, 14, 43, 9, 46, 28, 31, 13],	C_j(s)=[  3  18  45  82 102 157 220 247 331 392 454 548 616 711 807],	c_s=203227

LB: 591286.0000000007
GAP: 0.0
NBEB: 0

Heuristic processing time: 0 min 17 s
Total time elapsed: 0 min 23 s

--------------------------------------------------
machine: 3
jobs: 50
w: [24 11 62 86 97 40 26 65 73 17 23 39 34 95 53 60 11 61 59 94 81 36 54 51
 59 10 24 47 36 57 95 13 40 83 92 41 23 71 97 91 71 95 29 65 56 78 95 42
 54 90]
p: [ 5  3  3  1  5  5  5  3  3  7  2  7  7  5 10  3  1  2  5  4 10  3  3 10
  4  1  8  7  7  1  8  1  6  8  6  6  1  2  9  7  7  6 10  2  4  1  7  3
  8  1]
smith_order: [49  3 45 29 37 43 17  8 19 36  7  2 15  4 13 22 41 34 24 47 44 46 39 31
 21 30 18 10 16 38 33 40 25 20  5 35 48 27 32 11 14  6 28 23 12  0  1 26
 42  9]
serial schedule cost - UB: 215046

	+++RESULTS+++
optimum total cost: 76542.0
processing time LB, Hmin: 74.33333333333333
processing time UB, Hmax: 87.66666666666667
selected schedule: [3, 4, 5]
	M1 <- [49, 29, 17, 36, 7, 4, 41, 46, 21, 16, 38, 25, 20, 32, 6, 23, 1, 9],	C_j(s)=[ 1  2  4  5  8 13 19 26 29 30 39 40 50 56 61 71 74 81],	c_s=25864
	M2 <- [3, 37, 8, 2, 13, 24, 47, 39, 18, 10, 40, 35, 27, 14, 12, 26],	C_j(s)=[ 1  3  6  9 14 18 21 28 33 35 42 48 55 65 72 80],	c_s=25217
	M3 <- [45, 43, 19, 15, 22, 34, 44, 31, 30, 33, 5, 48, 11, 28, 0, 42],	C_j(s)=[ 1  3  7 10 13 19 23 24 32 40 45 53 60 67 72 82],	c_s=25461

LB: 76541.99999999994
GAP: 0.0
NBEB: 0

Heuristic processing time: 0 min 16 s
Total time elapsed: 0 min 17 s

--------------------------------------------------
machine: 3
jobs: 50
w: [ 67  70  54  36  49  12  26  92  27  51  65  36  27  80  20  23  97  70
  37  98  16  26  76  33 100  59  52  57  28  59  54  51  94  77  66  14
  69  82  29  69  17  88  54  19  33  82 100  42  76  99]
p: [ 5  1  6  3  2  8  4  8  1  4  6  8  1  5  1  2  3  7  8  8  2  1  6  2
  1  3  6  6  2 10 10 10  5  9  9  5  8  2  7 10  6  8  6  5  9  8  5  3
  8  8]
smith_order: [24  1 37 16  8 12 21  4 46 14 25 32 23 13 47 28  0  9 22 49 19  3  7 15
 41 10 45 17 27 48  2 42 26 36 33 20 34 39  6 29 30 31 18 11 38 43 44 40
 35  5]
serial schedule cost - UB: 252095

	+++RESULTS+++
optimum total cost: 89519.0
processing time LB, Hmin: 83.66666666666667
processing time UB, Hmax: 97.0
selected schedule: [21, 22, 23]
	M1 <- [37, 12, 4, 25, 23, 47, 9, 49, 41, 17, 2, 36, 20, 6, 29, 18, 43, 40],	C_j(s)=[ 2  3  5  8 10 13 17 25 33 40 46 54 56 60 70 78 83 89],	c_s=29656
	M2 <- [24, 16, 14, 32, 28, 0, 19, 15, 10, 27, 42, 33, 39, 31, 38, 35, 5],	C_j(s)=[ 1  4  5 10 12 17 25 27 33 39 45 54 64 74 81 86 94],	c_s=29901
	M3 <- [1, 8, 21, 46, 13, 22, 3, 7, 45, 48, 26, 34, 30, 11, 44],	C_j(s)=[ 1  2  3  8 13 19 22 30 38 46 52 61 71 79 88],	c_s=29962

LB: 89519.0
GAP: 0.0
NBEB: 0

Heuristic processing time: 0 min 18 s
Total time elapsed: 0 min 18 s

--------------------------------------------------
machine: 3
jobs: 50
w: [15 10 14 18 19 13 14 11 15 13 14 17 17 20 19 10 13 20 16 16 14 13 14 14
 12 11 16 10 17 11 19 14 19 10 16 20 16 15 16 13 11 16 11 19 19 13 10 17
 19 14]
p: [13 11 13 20 17 16 11 12 14 17 13 19 17 16 17 15 15 13 11 19 20 20 11 19
 14 11 16 17 11 13 10 17 12 18 15 19 11 17 12 15 10 16 18 19 18 16 19 17
 17 11]
smith_order: [30 32 28 17 18 36 38 49  6 22 13  0  4 14 48 40 10  2  8 34 44 35 25 43
 47 26 41 12  7  1  3 11 37 16 39 24 29 19 31 45  5  9 23 20 15 21 42 27
 33 46]
serial schedule cost - UB: 244681

	+++RESULTS+++
optimum total cost: 85391.0
processing time LB, Hmin: 239.33333333333334
processing time UB, Hmax: 266.0
selected schedule: [3, 4, 5]
	M1 <- [32, 36, 38, 13, 4, 10, 35, 47, 12, 11, 39, 29, 45, 9, 21, 33],	C_j(s)=[ 12  23  35  51  68  81 100 117 134 153 168 181 197 214 234 252],	c_s=28550
	M2 <- [28, 18, 49, 22, 14, 40, 8, 44, 41, 25, 3, 16, 19, 5, 20, 15, 27],	C_j(s)=[ 11  22  33  44  61  71  85 103 119 130 150 165 184 200 220 235 252],	c_s=28462
	M3 <- [30, 17, 6, 0, 48, 2, 34, 43, 26, 7, 1, 37, 24, 31, 23, 42, 46],	C_j(s)=[ 10  23  34  47  64  77  92 111 127 139 150 167 181 198 217 235 254],	c_s=28379

LB: 85391.0
GAP: 0.0
NBEB: 0

Heuristic processing time: 0 min 17 s
Total time elapsed: 0 min 18 s

--------------------------------------------------
machine: 3
jobs: 50
w: [ 97  69  50   7  90  16  63  30  77  34  64  52  61  45  14  12  89  25
  49  39  68  43  92  58  21  54  62  60  56  23   3   9  53  98  89  85
  12   8 100  94  68  94  41  18  98  63  38  92  84  68]
p: [75 72 38 36 39 24  8 36 96 73 16 88 33 80 19 71 55 33  2 99 66  7 56 33
 18  7  7 33 98  6 62 68  7 53 80 25 56 88 96 73 53 13 75 70 17 21  2  4
  7 93]
smith_order: [18 47 46 48 26  6 25 32 41 21 44 10 29 35 45  4 33 12 27 23 22 16  2  0
 39 40 24 34 38 20  1  7  8 17 14 49  5 11 28 13 42  9 19 43 36  3 15 31
 37 30]
serial schedule cost - UB: 1566611

	+++RESULTS+++
optimum total cost: 565462.0
processing time LB, Hmin: 696.3333333333334
processing time UB, Hmax: 828.3333333333334
selected schedule: [3, 4, 5]
	M1 <- [47, 6, 41, 29, 35, 12, 23, 2, 0, 24, 20, 8, 5, 28, 9, 36, 31],	C_j(s)=[  4  12  25  31  56  89 122 160 235 253 319 415 439 537 610 666 734],	c_s=183641
	M2 <- [46, 48, 25, 21, 10, 4, 27, 22, 40, 34, 1, 49, 13, 19, 3, 37],	C_j(s)=[  2   9  16  23  39  78 111 167 220 300 372 465 545 644 680 768],	c_s=193718
	M3 <- [18, 26, 32, 44, 45, 33, 16, 39, 38, 7, 17, 14, 11, 42, 43, 15, 30],	C_j(s)=[  2   9  16  33  54 107 162 235 331 367 400 419 507 582 652 723 785],	c_s=188103

LB: 565461.9999999993
GAP: 0.0
NBEB: 0

Heuristic processing time: 0 min 16 s
Total time elapsed: 0 min 22 s

--------------------------------------------------
machine: 3
jobs: 50
w: [94 42  2 96 99 59 42 85 54 89 24 81 18 78 94 72 21 41 26 67 85 62  5 46
  9 89 82 17 40 31 77 91 72 64 28  7 80 22 55 90 55 57 42 99 86 88 12 85
 94 95]
p: [ 75  40  73  86  22  88  55  75  59  22  32  25  94   8  18  18  64  29
  98  86  11  98  54  66  32   7  18  87  84  67   6  12  92  58  39  24
  22  27   4  94   2  38  78  79  32 100  79  88  20  25]
smith_order: [40 38 30 25 13 20 31 14 48 26  4  9 15 49 36 11 44 41 17  0 43  7  3 33
  1 47 39  8 45 37 32 19  6 10 34 23  5 21 42 28 29 16 35 24 18 27 12 46
 22  2]
serial schedule cost - UB: 1819727

	+++RESULTS+++
optimum total cost: 654375.0
processing time LB, Hmin: 770.0
processing time UB, Hmax: 903.3333333333334
selected schedule: [0, 1, 2]
	M1 <- [30, 20, 48, 9, 36, 41, 43, 1, 39, 37, 19, 34, 21, 29, 35, 24, 12, 2],	C_j(s)=[  6  17  37  59  81 119 198 238 332 359 445 484 582 649 673 705 799 872],	c_s=218027
	M2 <- [40, 25, 31, 4, 49, 44, 0, 33, 47, 45, 6, 23, 42, 16, 27, 22],	C_j(s)=[  2   9  21  43  68 100 175 233 321 421 476 542 620 684 771 825],	c_s=220394
	M3 <- [38, 13, 14, 26, 15, 11, 17, 7, 3, 8, 32, 10, 5, 28, 18, 46],	C_j(s)=[  4  12  30  48  66  91 120 195 281 340 432 464 552 636 734 813],	c_s=215954

LB: 654375.0
GAP: 0.0
NBEB: 0

Heuristic processing time: 0 min 16 s
Total time elapsed: 0 min 22 s

--------------------------------------------------
machine: 3
jobs: 50
w: [ 13  56  70  80  14  56  77  95  90  42  81  53  53  16  75  23  12  10
  66  40  47  57  32  44  38  14  84  11  11  70  40  61  82  57  62  20
 100  68  14  46  86  42  20  70  31  39  43  13  54  61]
p: [ 6  8  7  2 10  8  8 10  4  5  7  2  3  5  7  5  2  6  3  8 10  5 10  3
  1 10  1  4  7  2  2  8  4  5  3  1  2  2  5  3  5  7  9  5  7  3  2  8
  3  4]
smith_order: [26 36  3 24 29 37 11  8 18 46 34 32 30 35 48 12 40 39 49 23 43 45 10 33
 21 14  2  6  7  9 31  5  1 41 16 19 20 15 44 13 22 38 27 42  0 17 47 28
 25  4]
serial schedule cost - UB: 172093

	+++RESULTS+++
optimum total cost: 61469.0
processing time LB, Hmin: 79.0
processing time UB, Hmax: 92.33333333333333
selected schedule: [18, 19, 20]
	M1 <- [3, 29, 18, 32, 48, 43, 10, 7, 31, 41, 44, 13, 27, 0, 17, 28],	C_j(s)=[ 2  4  7 11 14 19 26 36 44 51 58 63 67 73 79 86],	c_s=20470
	M2 <- [26, 24, 37, 8, 30, 40, 49, 33, 14, 6, 5, 16, 20, 22, 47, 25],	C_j(s)=[ 1  2  4  8 10 15 19 24 31 39 47 49 59 69 77 87],	c_s=21117
	M3 <- [36, 11, 46, 34, 35, 12, 39, 23, 45, 21, 2, 9, 1, 19, 15, 38, 42, 4],	C_j(s)=[ 2  4  6  9 10 13 16 19 22 27 34 39 47 55 60 65 74 84],	c_s=19882

LB: 61469.0
GAP: 0.0
NBEB: 0

Heuristic processing time: 0 min 17 s
Total time elapsed: 0 min 17 s

--------------------------------------------------
machine: 3
jobs: 50
w: [45 87 57 61 11 83 98 13 32 20 28 17  6 94 62  1 18 75 96 67 87 57 76 83
 61 80 21 20 13 96 14 86 25  6 39 86 50 61 52 41 72 77 37 91 27 14 85 64
 91 93]
p: [94  9  1 52  6 14 19 11 85 16 26 59 32 54 81 58  6 26 61 61  1 76 61 48
 90 44  3 80 40 56  8 11 48 22 99 64 36 45 26 71 11 47 74 84  7 12 86 89
 78 89]
smith_order: [20  2  1 31 26 40  5  6 44 16 17 38  4 25 30 13 23 29 41 18 36 37 35  9
 22  7  3 48 45 19 43 10 49 46 14 21 47 24 39 32 42  0 34  8 28 11 33 27
 12 15]
serial schedule cost - UB: 1762830

	+++RESULTS+++
optimum total cost: 633169.0
processing time LB, Hmin: 693.0
processing time UB, Hmax: 825.0
selected schedule: [27, 28, 29]
	M1 <- [2, 31, 6, 4, 25, 29, 35, 22, 45, 10, 49, 21, 39, 32, 8, 11, 15],	C_j(s)=[  1  12  31  37  81 137 201 262 274 300 389 465 536 584 669 728 786],	c_s=207428
	M2 <- [20, 26, 40, 44, 16, 38, 13, 18, 37, 3, 19, 46, 47, 42, 34, 27],	C_j(s)=[  1   4  15  22  28  54 108 169 214 266 327 413 502 576 675 755],	c_s=212692
	M3 <- [1, 5, 17, 30, 23, 41, 36, 9, 7, 48, 43, 14, 24, 0, 28, 33, 12],	C_j(s)=[  9  23  49  57 105 152 188 204 215 293 377 458 548 642 682 704 736],	c_s=213049

LB: 633168.9999999998
GAP: 0.0
NBEB: 0

Heuristic processing time: 0 min 16 s
Total time elapsed: 0 min 23 s

--------------------------------------------------
machine: 3
jobs: 50
w: [73 85 21 58 21 16 86 13 33 73 45 16 44 79 50 57 84 67 34 66 44 93 87 73
 21 37 62 99 82 60 88 93 20 97 31 57 28 51 76 41 82 71  8 81 13  2 17 34
 63 48]
p: [ 24  33  43  12  39  65  55  57   4  92  11  50  85  31  35  96   5   5
  89  18  35  69  83  84  52   1  59  76  59  12  17  87   4  76  13 100
  77  59  95  86  26   4  50  77  21  52  17  40  61  28]
smith_order: [25 41 16 17  8 30 32 29  3 10 19 40  0  1 13 34 49  6 14 28 21 27 33 20
 31 43 26 22 48 46 23 37 47 38  9 44 15 35  4 12  2 39 24 18 36 11  5  7
 42 45]
serial schedule cost - UB: 1809981

	+++RESULTS+++
optimum total cost: 649343.0
processing time LB, Hmin: 723.0
processing time UB, Hmax: 856.3333333333334
selected schedule: [0, 1, 2]
	M1 <- [25, 17, 30, 40, 13, 14, 21, 20, 43, 48, 46, 38, 35, 2, 24, 11, 7],	C_j(s)=[  1   6  23  49  80 115 184 219 296 357 374 469 569 612 664 714 771],	c_s=214444
	M2 <- [41, 8, 29, 10, 0, 34, 49, 28, 33, 31, 23, 9, 4, 12, 18, 5, 45],	C_j(s)=[  4   8  20  31  55  68  96 155 231 318 402 494 533 618 707 772 824],	c_s=220396
	M3 <- [16, 32, 3, 19, 1, 6, 27, 26, 22, 37, 47, 44, 15, 39, 36, 42],	C_j(s)=[  5   9  21  39  72 127 203 262 345 404 444 465 561 647 724 774],	c_s=214503

LB: 649343.0
GAP: 0.0
NBEB: 0

Heuristic processing time: 0 min 17 s
Total time elapsed: 0 min 23 s

--------------------------------------------------
machine: 3
jobs: 50
w: [90 40 98 13 77 13 18 79 79 22 55 63 83 84 61 30 31 80 32 77 29 14 42 41
 35 53 25 16 66 48 87 51 50 34 84 37 19 16 28 45 10 45 46 82 30 41 17 93
 59 49]
p: [ 6  6  1  7  4  9  2  4 10  5  1  2  8  3  2  9  2  7  1  4  9 10  7  2
  5  4  1  4  7 10  3  8  7  8  5  3  3  9  3  8 10  9  5 10  7  7  3 10
  5  8]
smith_order: [ 2 10 18 11 14 30 13 26 23  7 19  4 34 16  0 25 35 48 17 12 28 38 47 42
  6 43  8 32 24  1 31 36 49 22 45 46 39 41 29  9 44 33 27 15 20  3 37  5
 21 40]
serial schedule cost - UB: 201836

	+++RESULTS+++
optimum total cost: 71938.0
processing time LB, Hmin: 87.66666666666667
processing time UB, Hmax: 101.0
selected schedule: [24, 25, 26]
	M1 <- [11, 13, 26, 19, 16, 25, 12, 47, 32, 1, 49, 46, 29, 33, 37, 21],	C_j(s)=[ 2  5  6 10 12 16 24 34 41 47 55 58 68 76 85 95],	c_s=23989
	M2 <- [10, 18, 14, 23, 4, 0, 48, 28, 6, 43, 24, 36, 45, 39, 44, 27, 20, 5],	C_j(s)=[ 1  2  4  6 10 16 21 28 30 40 45 48 55 63 70 74 83 92],	c_s=24190
	M3 <- [2, 30, 7, 34, 35, 17, 38, 42, 8, 31, 22, 41, 9, 15, 3, 40],	C_j(s)=[ 1  4  8 13 16 23 26 31 41 49 56 65 70 79 86 96],	c_s=23759

LB: 71938.00000000003
GAP: 0.0
NBEB: 0

Heuristic processing time: 0 min 18 s
Total time elapsed: 0 min 19 s

--------------------------------------------------
machine: 3
jobs: 50
w: [17 12 16 18 10 18 16 18 11 16 14 13 17 17 14 11 19 19 16 13 13 20 18 13
 15 15 12 12 18 12 10 13 19 18 15 16 10 14 14 11 10 13 12 13 10 16 15 19
 16 14]
p: [10 12 20 19 19 17 14 12 10 12 16 11 20 15 15 12 20 19 20 15 13 15 14 17
 16 12 12 12 14 19 16 10 12 13 20 20 19 14 20 18 18 13 15 12 16 18 11 10
 17 20]
smith_order: [47  0 32  7 33 46 21  9 31 28 22 25 11  6 13  8 43  5 37 17  1 27 26 41
 20 16  3 48 24 14 15 45 10 19 12 18  2 42 35 23 34 38 49 29 44 30 39 40
 36  4]
serial schedule cost - UB: 238973

	+++RESULTS+++
optimum total cost: 83435.0
processing time LB, Hmin: 241.33333333333334
processing time UB, Hmax: 268.0
selected schedule: [18, 19, 20]
	M1 <- [32, 46, 31, 28, 11, 8, 27, 1, 41, 48, 14, 15, 12, 42, 34, 30, 44, 4],	C_j(s)=[ 12  23  33  47  58  68  80  92 105 122 137 149 169 184 204 220 236 255],	c_s=27539
	M2 <- [0, 33, 9, 25, 6, 43, 37, 17, 3, 24, 10, 35, 18, 38, 29, 40],	C_j(s)=[ 10  23  35  47  61  73  87 106 125 141 157 177 197 217 236 254],	c_s=27963
	M3 <- [47, 7, 21, 22, 13, 5, 26, 20, 16, 45, 19, 2, 23, 49, 39, 36],	C_j(s)=[ 10  22  37  51  66  83  95 108 128 146 161 181 198 218 236 255],	c_s=27933

LB: 83434.99999999997
GAP: 0.0
NBEB: 0

Heuristic processing time: 0 min 17 s
Total time elapsed: 0 min 19 s

--------------------------------------------------
machine: 3
jobs: 50
w: [70 22 87 59 68 85 26 73 17 90 59 96 66 98 43 33 39 32 25 99 85 51 72 63
 23 44 21 31 49 73 62 85 41 73 52 74 68 72 59 80 35 95 67 54 78 52 60 46
 26 73]
p: [ 3  3 10  2  8  4  7  9  3  7  5 10  9  9  3  5  3  7  4  1  5  9  9  5
  2  8  8  4  8  1 10  3  2  2  6  9  7  2  7  2  5  9 10  5  1  3  6  8
  2  9]
smith_order: [19 44 29 39 33 37  3 31  0  5 32 45 20 14 48 16  9 23 10 24 13 43 41 46
 36 11  2 34  4 38 35  7 49 22 27  1 12 40 42 15 18 30 28 47 21  8 25 17
  6 26]
serial schedule cost - UB: 285530

	+++RESULTS+++
optimum total cost: 101027.0
processing time LB, Hmin: 86.33333333333333
processing time UB, Hmax: 99.66666666666667
selected schedule: [21, 22, 23]
	M1 <- [29, 39, 3, 5, 14, 9, 13, 46, 34, 38, 7, 27, 40, 15, 18, 47, 8, 6],	C_j(s)=[ 1  3  5  9 12 19 28 34 40 47 56 60 65 70 74 82 85 92],	c_s=33228
	M2 <- [19, 37, 31, 32, 45, 48, 23, 41, 11, 4, 49, 12, 1, 30, 21, 17],	C_j(s)=[ 1  3  6  8 11 13 18 27 37 45 54 63 66 76 85 92],	c_s=33917
	M3 <- [44, 33, 0, 20, 16, 10, 24, 43, 36, 2, 35, 22, 42, 28, 25, 26],	C_j(s)=[ 1  3  6 11 14 19 21 26 33 43 52 61 71 79 87 95],	c_s=33882

LB: 101027.0
GAP: 0.0
NBEB: 0

Heuristic processing time: 0 min 17 s
Total time elapsed: 0 min 17 s

--------------------------------------------------
machine: 3
jobs: 50
w: [11 13 11 14 12 15 20 20 13 19 10 20 11 11 10 15 13 14 14 13 18 19 10 16
 15 15 16 12 20 15 17 18 16 12 17 18 14 13 16 14 17 16 14 17 15 17 13 12
 12 19]
p: [17 11 17 18 14 15 18 17 10 14 17 18 13 13 16 17 18 10 16 19 11 19 18 13
 10 16 10 17 18 15 20 12 10 10 15 16 19 15 16 10 19 12 10 19 18 19 14 11
 15 19]
smith_order: [20 32 26 24 31 39 17 42  9 41  8 23 33  1  7 34 35 11  6 28 47  5 21 49
 29 38 25 46 45 43 40 15 18 37  4 30 12 13 44 48  3 36 16 27 19  2  0 14
 10 22]
serial schedule cost - UB: 243296

	+++RESULTS+++
optimum total cost: 84895.0
processing time LB, Hmin: 238.0
processing time UB, Hmax: 264.6666666666667
selected schedule: [24, 25, 26]
	M1 <- [32, 24, 42, 41, 1, 35, 28, 38, 21, 45, 15, 4, 13, 48, 16, 2, 10],	C_j(s)=[ 10  20  30  42  53  69  87 103 122 141 158 172 185 200 218 235 252],	c_s=28394
	M2 <- [20, 39, 17, 8, 33, 34, 11, 47, 49, 46, 43, 18, 30, 3, 27, 0, 22],	C_j(s)=[ 11  21  31  41  51  66  84  95 114 128 147 163 183 201 218 235 253],	c_s=28280
	M3 <- [26, 31, 9, 23, 7, 6, 29, 5, 25, 40, 37, 12, 44, 36, 19, 14],	C_j(s)=[ 10  22  36  49  66  84  99 114 130 149 164 177 195 214 233 249],	c_s=28221

LB: 84895.0
GAP: 0.0
NBEB: 0

Heuristic processing time: 0 min 17 s
Total time elapsed: 0 min 19 s

--------------------------------------------------
machine: 3
jobs: 50
w: [19 12 17 17 15 13 13 10 17 14 20 13 10 10 18 18 11 18 12 13 10 19 10 19
 13 19 18 16 17 20 12 18 15 17 17 17 17 17 16 17 15 18 16 15 13 11 11 13
 20 10]
p: [18 10 15 15 17 15 11 17 16 16 10 18 15 15 16 19 20 10 17 20 17 16 11 16
 20 12 20 10 17 20 10 15 10 20 11 15 17 17 18 10 13 19 13 15 19 10 14 19
 11 12]
smith_order: [10 48 17 39 27 25 34 32 42 30  1 31 21 23  6 40  3 35  2 14 45  8  0 28
 29 36 37 43 41 15 22 26 38  4  9  5 33 49 46 11 18 44 47 12 13 19 24  7
 20 16]
serial schedule cost - UB: 243349

	+++RESULTS+++
optimum total cost: 84988.0
processing time LB, Hmin: 239.0
processing time UB, Hmax: 265.6666666666667
selected schedule: [27, 28, 29]
	M1 <- [10, 39, 34, 1, 6, 40, 2, 45, 36, 28, 15, 22, 4, 49, 11, 47, 13, 7],	C_j(s)=[ 10  20  31  41  52  65  80  90 107 124 143 154 171 183 201 220 235 252],	c_s=28339
	M2 <- [48, 25, 42, 31, 21, 35, 8, 43, 29, 26, 9, 5, 18, 12, 19, 20],	C_j(s)=[ 11  23  36  51  67  82  98 113 133 153 169 184 201 216 236 253],	c_s=28521
	M3 <- [17, 27, 32, 30, 23, 3, 14, 0, 37, 41, 38, 33, 46, 44, 24, 16],	C_j(s)=[ 10  20  30  40  56  71  87 105 122 141 159 179 193 212 232 252],	c_s=28128

LB: 84988.0
GAP: 0.0
NBEB: 0

Heuristic processing time: 0 min 18 s
Total time elapsed: 0 min 19 s

--------------------------------------------------
machine: 3
jobs: 50
w: [15 20 19 12 12 20 10 14 12 19 15 16 20 16 15 15 16 10 11 15 17 18 19 10
 17 15 14 10 15 19 10 15 13 13 11 14 20 18 15 10 20 15 12 17 10 16 18 11
 18 10]
p: [19 12 12 11 18 12 10 11 19 14 20 16 19 10 19 15 19 19 13 18 16 16 16 11
 11 10 19 18 16 11 20 14 16 18 15 16 16 14 16 13 15 11 20 14 14 18 14 14
 10 16]
smith_order: [48 29  5  1 13  2 24 25 41  9 40 37 46  7 36 43 22 21  3 31 20 12 15 11
  6 28 38 23 45 35 18 16 19 32 14  0 47 39 10 26 34 33 44  4  8 49 42 27
 17 30]
serial schedule cost - UB: 233132

	+++RESULTS+++
optimum total cost: 81464.0
processing time LB, Hmin: 238.0
processing time UB, Hmax: 264.6666666666667
selected schedule: [21, 22, 23]
	M1 <- [48, 1, 25, 40, 36, 21, 31, 11, 38, 35, 19, 0, 10, 44, 42, 30],	C_j(s)=[ 10  22  32  47  63  79  93 109 125 141 159 178 198 212 232 252],	c_s=27159
	M2 <- [29, 13, 24, 9, 46, 22, 20, 15, 28, 23, 18, 32, 47, 26, 33, 8, 27],	C_j(s)=[ 11  21  32  46  60  76  92 107 123 134 147 163 177 196 214 233 251],	c_s=27356
	M3 <- [5, 2, 41, 37, 7, 43, 3, 12, 6, 45, 16, 14, 39, 34, 4, 49, 17],	C_j(s)=[ 12  24  35  49  60  74  85 104 114 132 151 170 183 198 216 232 251],	c_s=26949

LB: 81464.00000000016
GAP: 0.0
NBEB: 0

Heuristic processing time: 0 min 18 s
Total time elapsed: 0 min 21 s

--------------------------------------------------
machine: 3
jobs: 50
w: [84 92 79 27 80 41 69 49 84 35 36 41 94 13 56 35 87 75 90 29 40 20 16 65
 60 40 22 48 78 37 87 43 70 85 72 49 54 63 49 86 94 32 20 40 82 43 24 21
 76 81]
p: [ 5  9  6  4  8  3  3  8  6 10  9  2  2  8  3  7  7  2  4  9  3 10  1  1
  4  7 10  6  4  6  6  6  6  8 10  6  4 10  9 10  3  1  5  2  5  1  9  4
 10  3]
smith_order: [23 12 45 17 41 40 49  6 18 11 43 28 14  0 44 22 24 30  8  5 36 20  2 16
 32 33  1  4 39 35 27 48 34 31  3 37 29  7 25 38 47 15 10 42  9 19 46 26
 21 13]
serial schedule cost - UB: 247950

	+++RESULTS+++
optimum total cost: 88068.0
processing time LB, Hmin: 88.33333333333333
processing time UB, Hmax: 101.66666666666667
selected schedule: [24, 25, 26]
	M1 <- [23, 17, 49, 11, 28, 22, 30, 36, 16, 4, 35, 48, 37, 47, 15, 9, 26],	C_j(s)=[ 1  3  6  8 12 13 19 23 30 38 44 54 64 68 75 85 95],	c_s=30203
	M2 <- [45, 40, 6, 43, 0, 24, 5, 20, 32, 1, 27, 34, 29, 38, 10, 46, 13],	C_j(s)=[ 1  4  7  9 14 18 21 24 30 39 45 55 61 70 79 88 96],	c_s=29038
	M3 <- [12, 41, 18, 14, 44, 8, 2, 33, 39, 31, 3, 7, 25, 42, 19, 21],	C_j(s)=[ 2  3  7 10 15 21 27 35 45 51 55 63 70 75 84 94],	c_s=28827

LB: 88067.99999999945
GAP: 0.0
NBEB: 0

Heuristic processing time: 0 min 17 s
Total time elapsed: 0 min 18 s

--------------------------------------------------