
machine: 4
jobs: 30
w: [10 14 16 20 19 18 17 19 15 11 11 15 15 17 14 11 18 16 11 18 16 15 11 18
 16 10 20 20 17 12]
p: [10 13 14 12 18 17 17 14 13 17 17 20 10 18 14 16 16 15 15 11 13 12 16 15
 12 17 16 12 16 16]
smith_order: [ 3 27 19 12  7 24 21 26 20 23  8  2 16  1 17 28  5  4  6 14  0 13 11 29
 18 15 22  9 10 25]
serial schedule cost - UB: 89050

	+++RESULTS+++
optimum total cost: 24850.0
processing time LB, Hmin: 95.5
processing time UB, Hmax: 125.5
selected schedule: [7, 20, 26, 35]
	M1 <- [12, 7, 8, 1, 5, 0, 29, 10],	C_j(s)=[ 10  24  37  50  67  77  93 110],	c_s=6163
	M2 <- [3, 21, 23, 4, 6, 11, 22],	C_j(s)=[ 12  24  39  57  74  94 110],	c_s=6263
	M3 <- [27, 26, 16, 28, 13, 18, 9],	C_j(s)=[ 12  28  44  60  78  93 110],	c_s=6171
	M4 <- [19, 24, 20, 2, 17, 14, 15, 25],	C_j(s)=[ 11  23  36  50  65  79  95 112],	c_s=6253

LB: 24850.0
GAP: 0.0
NBEB: 0

Heuristic processing time: 0 min 13 s
Total time elapsed: 0 min 13 s

--------------------------------------------------
machine: 4
jobs: 30
w: [19 17 11 19 12 12 16 12 13 16 20 13 20 11 13 16 10 16 18 18 10 10 17 12
 13 12 18 19 13 10]
p: [19 15 11 11 13 16 12 15 18 18 16 20 15 16 11 19 10 15 20 11 10 19 18 13
 10 20 16 16 20 11]
smith_order: [ 3 19  6 12 24 10 27 14  1 26 17 16  2  0 20 22  4 23 29 18  9 15  7  5
  8 13 28 11 25 21]
serial schedule cost - UB: 86651

	+++RESULTS+++
optimum total cost: 24242.0
processing time LB, Hmin: 98.5
processing time UB, Hmax: 128.5
selected schedule: [36, 37, 38, 39]
	M1 <- [6, 14, 26, 16, 4, 29, 7, 28],	C_j(s)=[ 12  23  39  49  62  73  88 108],	c_s=5617
	M2 <- [12, 27, 0, 23, 15, 13, 21],	C_j(s)=[ 15  31  50  63  82  98 117],	c_s=6155
	M3 <- [19, 24, 1, 20, 2, 18, 8, 25],	C_j(s)=[ 11  21  36  46  57  77  95 115],	c_s=6171
	M4 <- [3, 10, 17, 22, 9, 5, 11],	C_j(s)=[ 11  27  42  60  78  94 114],	c_s=6299

LB: 24241.999999999913
GAP: 0.0
NBEB: 0

Heuristic processing time: 0 min 13 s
Total time elapsed: 0 min 13 s

--------------------------------------------------
machine: 4
jobs: 30
w: [19 16 19 14 20 10 11 17 20 13 20 11 10 16 19 12 18 20 18 10 15 10 16 10
 10 16 18 11 18 17]
p: [12 19 17 17 18 19 13 20 18 10 12 14 12 19 18 19 19 15 19 14 18 16 14 16
 16 17 14 17 13 20]
smith_order: [10  0 28 17  9 26 22  2  4  8 14 18 16 25  7 29  6 13  1 12 20  3 11 19
 27 15 21 24 23  5]
serial schedule cost - UB: 96413

	+++RESULTS+++
optimum total cost: 26951.0
processing time LB, Hmin: 106.25
processing time UB, Hmax: 136.25
selected schedule: [26, 28, 29, 31]
	M1 <- [28, 22, 14, 7, 1, 11, 15],	C_j(s)=[ 13  27  45  65  84  98 117],	c_s=6452
	M2 <- [10, 9, 2, 16, 13, 12, 27, 23],	C_j(s)=[ 12  22  39  58  77  89 106 122],	c_s=6819
	M3 <- [0, 26, 4, 25, 6, 3, 21, 5],	C_j(s)=[ 12  26  44  61  74  91 107 126],	c_s=6970
	M4 <- [17, 8, 18, 29, 20, 19, 24],	C_j(s)=[ 15  33  52  72  90 104 120],	c_s=6710

LB: 26951.0
GAP: 0.0
NBEB: 0

Heuristic processing time: 0 min 13 s
Total time elapsed: 0 min 14 s

--------------------------------------------------
machine: 4
jobs: 30
w: [75 65 83 48 93 84 45 59 96 74 33 74 78 85 57 10 36 58 63 94 32 68 81 63
 30 30 98 92 33 30]
p: [ 5  2  9  7  6  1  4  7  2 10  8  7  8  2  8  6 10  7 10 10  4 10  8  2
  8 10 10  1 10  3]
smith_order: [27  5  8 13  1 23  4  0  6 11 22 29 26 12 19  2  7 17 20  9 14  3 21 18
 10 24 16 28 25 15]
serial schedule cost - UB: 118302

	+++RESULTS+++
optimum total cost: 34209.0
processing time LB, Hmin: 41.25
processing time UB, Hmax: 56.25
selected schedule: [1, 4, 6, 31]
	M1 <- [27, 1, 6, 26, 7, 14, 10, 25],	C_j(s)=[ 1  3  7 17 24 32 40 50],	c_s=8328
	M2 <- [13, 4, 29, 12, 17, 21, 24, 15],	C_j(s)=[ 2  8 11 19 26 36 44 50],	c_s=8502
	M3 <- [8, 0, 22, 2, 20, 18, 28],	C_j(s)=[ 2  7 15 24 28 38 48],	c_s=8798
	M4 <- [5, 23, 11, 19, 9, 3, 16],	C_j(s)=[ 1  3 10 20 30 37 47],	c_s=8581

LB: 34209.0
GAP: 0.0
NBEB: 0

Heuristic processing time: 0 min 14 s
Total time elapsed: 0 min 14 s

--------------------------------------------------
machine: 4
jobs: 30
w: [39 48 98 80 64 62 80 38 67 90  1 71 96 42 38 24 37  5 66 42 38 10 28 36
 52 62 65 11 60 15]
p: [95 51 33  7  8 39 59 43 74 23 71 74 33 68 16 89  1 67 94 58 92 49 95 83
 44 88  4  9 33 20]
smith_order: [16 26  3  4  9  2 12 14 28  5  6 27 24 11  1  8  7 29 19 25 18 13 23 20
  0 22 15 21 17 10]
serial schedule cost - UB: 572075

	+++RESULTS+++
optimum total cost: 170784.0
processing time LB, Hmin: 308.75
processing time UB, Hmax: 451.25
selected schedule: [8, 13, 21, 23]
	M1 <- [3, 12, 24, 1, 29, 13, 20, 21],	C_j(s)=[  7  40  84 135 155 223 315 364],	c_s=42549
	M2 <- [26, 2, 6, 7, 19, 23, 15],	C_j(s)=[  4  37  96 139 197 280 369],	c_s=44058
	M3 <- [4, 14, 5, 27, 8, 18, 22, 10],	C_j(s)=[  8  24  63  72 146 240 335 406],	c_s=41530
	M4 <- [16, 9, 28, 11, 25, 0, 17],	C_j(s)=[  1  24  57 131 219 314 381],	c_s=42647

LB: 170784.0
GAP: 0.0
NBEB: 0

Heuristic processing time: 0 min 12 s
Total time elapsed: 0 min 14 s

--------------------------------------------------
machine: 4
jobs: 30
w: [11 10 19 11 11 20 11 20 18 12 15 15 14 15 12 11 13 12 18 11 12 13 15 14
 10 11 14 19 17 14]
p: [16 11 13 16 17 12 15 14 10 18 14 15 17 12 18 13 13 16 19 13 12 15 13 12
 16 17 11 12 20 15]
smith_order: [ 8  5 27  2  7 26 13 23 22 10 11 20 16 18 29  1 21 28 15 19 12 17  6  3
  0  9 14  4 25 24]
serial schedule cost - UB: 78401

	+++RESULTS+++
optimum total cost: 21923.0
processing time LB, Hmin: 93.75
processing time UB, Hmax: 123.75
selected schedule: [24, 25, 26, 27]
	M1 <- [2, 23, 11, 1, 19, 17, 3, 24],	C_j(s)=[ 13  25  40  51  64  80  96 112],	c_s=5547
	M2 <- [5, 26, 22, 20, 21, 15, 0, 25],	C_j(s)=[ 12  23  36  48  63  76  92 109],	c_s=5544
	M3 <- [8, 7, 10, 29, 28, 6, 14],	C_j(s)=[ 10  24  38  53  73  88 106],	c_s=5453
	M4 <- [27, 13, 16, 18, 12, 9, 4],	C_j(s)=[ 12  24  37  56  73  91 108],	c_s=5379

LB: 21923.0
GAP: 0.0
NBEB: 0

Heuristic processing time: 0 min 12 s
Total time elapsed: 0 min 12 s

--------------------------------------------------
machine: 4
jobs: 30
w: [ 81  67  52  61  98  68  77   4   7  24  86  89  18  59  31   2  30  10
  11 100  93  73  84  96   3  53  31  28  95  27]
p: [ 4 67 79 32 80 90 82 38 17 41  6 36 40  6 22 17 25  8 50 66 12 16 20 68
 80 39 72 93 90 78]
smith_order: [ 0 10 13 20 21 22 11  3 19 23 14 25 17  4 16 28  1  6  5  2  9 12 26  8
 29 27 18 15  7 24]
serial schedule cost - UB: 562645

	+++RESULTS+++
optimum total cost: 170496.0
processing time LB, Hmin: 273.75
processing time UB, Hmax: 413.25
selected schedule: [4, 5, 6, 25]
	M1 <- [20, 3, 25, 28, 9, 26, 7],	C_j(s)=[ 12  44  83 173 214 286 324],	c_s=39932
	M2 <- [13, 11, 14, 4, 5, 29, 15],	C_j(s)=[  6  42  64 144 234 312 329],	c_s=45182
	M3 <- [0, 21, 19, 17, 16, 6, 12, 8, 18, 24],	C_j(s)=[  4  20  86  94 119 201 241 258 308 388],	c_s=41067
	M4 <- [10, 22, 23, 1, 2, 27],	C_j(s)=[  6  26  94 161 240 333],	c_s=44315

LB: 170496.0
GAP: 0.0
NBEB: 0

Heuristic processing time: 0 min 12 s
Total time elapsed: 0 min 15 s

--------------------------------------------------
machine: 4
jobs: 30
w: [13 20 20 17 19 13 12 13 15 20 16 18 11 20 13 19 18 18 11 13 15 20 14 10
 13 14 12 10 17 15]
p: [12 19 11 10 16 15 15 12 19 17 18 14 20 11 20 19 18 12 17 18 20 14 18 18
 10 14 12 20 13 19]
smith_order: [13  2  3 17 21 28 24 11  4  9  7  0  1 16 15 25 26 10  5  6  8 29 22 20
 19 14 18 23 12 27]
serial schedule cost - UB: 91145

	+++RESULTS+++
optimum total cost: 25550.0
processing time LB, Hmin: 102.75
processing time UB, Hmax: 132.75
selected schedule: [16, 17, 18, 19]
	M1 <- [3, 21, 9, 15, 29, 20, 12],	C_j(s)=[ 10  24  41  60  79  99 119],	c_s=6589
	M2 <- [13, 24, 4, 16, 10, 22, 14],	C_j(s)=[ 11  21  37  55  73  91 111],	c_s=6071
	M3 <- [17, 11, 0, 26, 25, 8, 19, 23],	C_j(s)=[ 12  26  38  50  64  83 101 119],	c_s=6422
	M4 <- [2, 28, 7, 1, 5, 6, 18, 27],	C_j(s)=[ 11  24  36  55  70  85 102 122],	c_s=6468

LB: 25550.0
GAP: 0.0
NBEB: 0

Heuristic processing time: 0 min 12 s
Total time elapsed: 0 min 13 s

--------------------------------------------------
machine: 4
jobs: 30
w: [ 6 38 90 53 29 40 10 44 30 10 99 80 36 83 52 70 39 22  4 73 21 60 80 11
 15 55 26 47 80 26]
p: [14 12 77 47 64 20  9 78 19 48  5 78 87 40 59 11 22 86 58 84 17 27 40 61
 41 23 46  9 12 14]
smith_order: [10 28 15 27  1 25 21 13  5 22 29 16  8 20  2  3  6 11 14 19 26  7  4  0
 12 24 17  9 23 18]
serial schedule cost - UB: 425203

	+++RESULTS+++
optimum total cost: 127975.0
processing time LB, Hmin: 236.75
processing time UB, Hmax: 367.25
selected schedule: [16, 17, 18, 19]
	M1 <- [27, 21, 16, 8, 11, 26, 24, 9],	C_j(s)=[  9  36  58  77 155 201 242 290],	c_s=31311
	M2 <- [15, 25, 5, 29, 3, 14, 12, 18],	C_j(s)=[ 11  34  54  68 115 174 261 319],	c_s=32383
	M3 <- [10, 1, 22, 2, 7, 17],	C_j(s)=[  5  17  57 134 212 298],	c_s=33645
	M4 <- [28, 13, 20, 6, 19, 4, 0, 23],	C_j(s)=[ 12  52  69  78 162 226 240 301],	c_s=30636

LB: 127975.0
GAP: 0.0
NBEB: 0

Heuristic processing time: 0 min 12 s
Total time elapsed: 0 min 14 s

--------------------------------------------------
machine: 4
jobs: 30
w: [68 17 38 74 11 44 63 75 86 26 66 97 19 45 27  2 76 76 21 19 67 11 21 32
 84 14 71 58 70 57]
p: [ 26  61  58  77  30  91  49  53  56  95  92  41  59  77  70  68  92  32
  56  38  26  70  35  11  32  15  59 100  80  77]
smith_order: [23 24  0 20 17 11  8  7  6 26  3 25 28 16 29 10  2 22 13 27 19  5 14 18
  4 12  1  9 21 15]
serial schedule cost - UB: 781978

	+++RESULTS+++
optimum total cost: 228625.0
processing time LB, Hmin: 356.5
processing time UB, Hmax: 506.5
selected schedule: [12, 13, 14, 15]
	M1 <- [0, 17, 26, 29, 27, 14, 21],	C_j(s)=[ 26  58 117 194 294 364 434],	c_s=57195
	M2 <- [23, 11, 6, 28, 22, 13, 4, 9],	C_j(s)=[ 11  52 101 181 216 293 323 418],	c_s=56571
	M3 <- [24, 7, 25, 16, 2, 5, 12, 15],	C_j(s)=[ 32  85 100 192 250 341 400 468],	c_s=58095
	M4 <- [20, 8, 3, 10, 19, 18, 1],	C_j(s)=[ 26  82 159 251 289 345 406],	c_s=56764

LB: 228625.0
GAP: 0.0
NBEB: 0

Heuristic processing time: 0 min 13 s
Total time elapsed: 0 min 14 s

--------------------------------------------------
machine: 4
jobs: 30
w: [64 10 24 91 10 14 21 11 94 44 28 73 13 71 46 10 75 37 60 29 65 19 40 41
 99 12 11 78 73 97]
p: [ 4  8 10  9  7 10  5  6  6  4  2 10  9  8  2  8  2  7  4  9  1 10  1  9
  1  3  2  3  4  5]
smith_order: [24 20 22 16 27 14 29 28  0  8 18 10  9  3 13 11 26 17 23  6 25 19  2 21
  7 12  4  5 15  1]
serial schedule cost - UB: 54555

	+++RESULTS+++
optimum total cost: 16440.0
processing time LB, Hmin: 34.75
processing time UB, Hmax: 49.75
selected schedule: [5, 17, 19, 23]
	M1 <- [24, 14, 8, 13, 26, 25, 2, 5],	C_j(s)=[ 1  3  9 17 19 22 32 42],	c_s=4119
	M2 <- [27, 0, 10, 9, 17, 6, 21, 15],	C_j(s)=[ 3  7  9 13 20 25 35 43],	c_s=3866
	M3 <- [20, 22, 29, 3, 23, 7, 12],	C_j(s)=[ 1  2  7 16 25 31 40],	c_s=4166
	M4 <- [16, 28, 18, 11, 19, 4, 1],	C_j(s)=[ 2  6 10 20 29 36 44],	c_s=4289

LB: 16440.0
GAP: 0.0
NBEB: 0

Heuristic processing time: 0 min 13 s
Total time elapsed: 0 min 13 s

--------------------------------------------------
machine: 4
jobs: 30
w: [21 22 54 32  2 86 81 52 74 22 56 27 14 52 31 83 35 28 85 57 89 98 61 11
 43 42 99 59 39 18]
p: [67 36 69 89 16 58  6 60 56 92 23  2  2 60 80 90 69 33 29 44 81 74 12 16
 99  3 69 20 72 73]
smith_order: [25  6 11 12 22 27 18 10  5 26 21  8 19 20 15  7 13 17  2 23  1 28 16 24
 14  3  0 29  9  4]
serial schedule cost - UB: 660789

	+++RESULTS+++
optimum total cost: 196283.0
processing time LB, Hmin: 300.75
processing time UB, Hmax: 449.25
selected schedule: [32, 33, 34, 35]
	M1 <- [12, 22, 5, 20, 2, 16, 0, 4],	C_j(s)=[  2  14  72 153 222 291 358 374],	c_s=51130
	M2 <- [6, 10, 21, 7, 17, 24, 9],	C_j(s)=[  6  29 103 163 196 295 387],	c_s=47367
	M3 <- [11, 27, 26, 15, 23, 28, 3],	C_j(s)=[  2  22  91 181 197 269 358],	c_s=49498
	M4 <- [25, 18, 8, 19, 13, 1, 14, 29],	C_j(s)=[  3  32  88 132 192 228 308 381],	c_s=48288

LB: 196283.0
GAP: 0.0
NBEB: 0

Heuristic processing time: 0 min 13 s
Total time elapsed: 0 min 14 s

--------------------------------------------------
machine: 4
jobs: 30
w: [98  3 96 60 50 39 97 77 77 54 53 20 90 44 35 63 10 19 67 97  3 30 82 77
 91 75  5 76 10 16]
p: [ 5 77 42 73 46 91 42 53 34 61 26  2 35 85 40 84 48 85 42 62 30 67 38  2
 10 76 61 89 74 31]
smith_order: [23  0 11 24 12  6  2  8 22 10 18 19  7  4 25  9 14 27  3 15 13 29 21  5
 17 16 28 20 26  1]
serial schedule cost - UB: 620924

	+++RESULTS+++
optimum total cost: 185361.0
processing time LB, Hmin: 309.5
processing time UB, Hmax: 446.0
selected schedule: [27, 28, 29, 30]
	M1 <- [0, 8, 10, 7, 27, 29, 17, 26],	C_j(s)=[  5  39  65 118 207 238 323 384],	c_s=43621
	M2 <- [23, 12, 22, 25, 3, 5, 20],	C_j(s)=[  2  37  75 151 224 315 345],	c_s=47719
	M3 <- [24, 2, 18, 4, 9, 13, 16, 1],	C_j(s)=[ 10  52  94 140 201 286 334 411],	c_s=47211
	M4 <- [11, 6, 19, 14, 15, 21, 28],	C_j(s)=[  2  44 106 146 230 297 371],	c_s=46810

LB: 185357.00000000003
GAP: 3.999999999970896
NBEB: 1

Heuristic processing time: 0 min 12 s
Total time elapsed: 0 min 19 s

--------------------------------------------------
machine: 4
jobs: 30
w: [ 45  18  88  78  66  65  80  98  73  47  76  81  47  43  46  20  87  13
  68  83  73  57  95  13  19  58  26  58  33 100]
p: [ 3  3  3 10  4  4  1  7  9  3  2  4  1  1  5  7  7  6  2  5  1  5  5  7
  7  7  8  1  9 10]
smith_order: [ 6 20 27 12 13 10 18  2 11 22 19  4  5  9  0  7 16 21 29 14 25  8  3  1
 28 26 15 24 17 23]
serial schedule cost - UB: 75707

	+++RESULTS+++
optimum total cost: 22335.0
processing time LB, Hmin: 29.25
processing time UB, Hmax: 44.25
selected schedule: [8, 9, 10, 30]
	M1 <- [6, 13, 11, 5, 16, 25, 26, 17],	C_j(s)=[ 1  2  6 10 17 24 32 38],	c_s=5499
	M2 <- [12, 10, 22, 9, 21, 8, 15, 23],	C_j(s)=[ 1  3  8 11 16 25 32 39],	c_s=5436
	M3 <- [20, 18, 4, 7, 14, 3, 24],	C_j(s)=[ 1  3  7 14 19 29 36],	c_s=5931
	M4 <- [27, 2, 19, 0, 29, 1, 28],	C_j(s)=[ 1  4  9 12 22 25 34],	c_s=5469

LB: 22334.999999999993
GAP: 0.0
NBEB: 0

Heuristic processing time: 0 min 12 s
Total time elapsed: 0 min 13 s

--------------------------------------------------
machine: 4
jobs: 30
w: [73 26 77 52 90 21 62 50 85 57 82 52 60 56 87 94 22 58 98 48 41 38 52 71
 44 26 44 97 32 72]
p: [ 8  8  3  8  2 10  6  1  5  7  3  9  7 10  1  6  8  1  4  4  1  3  6  7
  2  2  3  3  6  9]
smith_order: [14 17  7  4 20 27 10  2 18 24  8 15 26 25 21 19  6 23  0 22 12  9 29  3
 11 13 28  1 16  5]
serial schedule cost - UB: 81861

	+++RESULTS+++
optimum total cost: 23903.0
processing time LB, Hmin: 30.75
processing time UB, Hmax: 45.75
selected schedule: [9, 12, 15, 34]
	M1 <- [14, 27, 24, 26, 19, 0, 3, 1],	C_j(s)=[ 1  4  6  9 13 21 29 37],	c_s=5762
	M2 <- [7, 20, 2, 15, 23, 9, 13],	C_j(s)=[ 1  2  5 11 18 25 35],	c_s=6214
	M3 <- [4, 18, 25, 21, 22, 29, 28, 5],	C_j(s)=[ 2  6  8 11 17 26 32 42],	c_s=6056
	M4 <- [17, 10, 8, 6, 12, 11, 16],	C_j(s)=[ 1  4  9 15 22 31 39],	c_s=5871

LB: 23903.000000000015
GAP: 0.0
NBEB: 0

Heuristic processing time: 0 min 6 s
Total time elapsed: 0 min 6 s

--------------------------------------------------
machine: 4
jobs: 30
w: [10 16 19 19 19 14 15 10 19 12 13 12 14 17 18 14 10 14 12 12 16 16 17 10
 17 17 20 17 19 14]
p: [16 13 18 11 15 13 17 14 14 15 19 10 20 10 12 19 12 19 11 14 13 13 14 18
 15 12 13 11 19 19]
smith_order: [ 3 13 27 26 14 25  8  4 21 20  1 22 11 24 18  5  2 28  6 19 16  9 29 15
 17  7 12 10  0 23]
serial schedule cost - UB: 85061

	+++RESULTS+++
optimum total cost: 23794.0
processing time LB, Hmin: 94.75
processing time UB, Hmax: 124.75
selected schedule: [13, 15, 20, 25]
	M1 <- [3, 8, 1, 24, 6, 17, 10],	C_j(s)=[ 11  25  38  53  70  89 108],	c_s=5893
	M2 <- [13, 14, 21, 11, 2, 16, 15, 0],	C_j(s)=[ 10  22  35  45  63  75  94 110],	c_s=6029
	M3 <- [26, 4, 22, 5, 19, 29, 12],	C_j(s)=[ 13  28  42  55  69  88 108],	c_s=5848
	M4 <- [27, 25, 20, 18, 28, 9, 7, 23],	C_j(s)=[ 11  23  36  47  66  81  95 113],	c_s=6024

LB: 23794.0
GAP: 0.0
NBEB: 0

Heuristic processing time: 0 min 13 s
Total time elapsed: 0 min 13 s

--------------------------------------------------
machine: 4
jobs: 30
w: [ 54  10  18  50  77  79 100  46  12  31  77  54  37  41  14  53  22  20
  55  55  96  69  76  11  81  40  51  17 100  17]
p: [ 1  7  1  2  3  5  4  6  5  4  6  5  4  5  7  4  8  3  4  5  1  1  6  7
  4  1  2 10  1  3]
smith_order: [28 20 21  0 25  4 26  3  6 24  2  5 18 15 10 22 19 11 12 13  9  7 17 29
 16  8 14 27 23  1]
serial schedule cost - UB: 46496

	+++RESULTS+++
optimum total cost: 13755.0
processing time LB, Hmin: 23.75
processing time UB, Hmax: 38.75
selected schedule: [12, 13, 15, 18]
	M1 <- [21, 25, 3, 18, 22, 13, 16, 1],	C_j(s)=[ 1  2  4  8 14 19 27 34],	c_s=3566
	M2 <- [20, 4, 5, 19, 9, 29, 14],	C_j(s)=[ 1  4  9 14 18 21 28],	c_s=3192
	M3 <- [28, 6, 2, 15, 11, 7, 27],	C_j(s)=[ 1  5  6 10 15 21 31],	c_s=3541
	M4 <- [0, 26, 24, 10, 12, 17, 8, 23],	C_j(s)=[ 1  3  7 13 17 20 25 32],	c_s=3456

LB: 13755.000000000002
GAP: 0.0
NBEB: 0

Heuristic processing time: 0 min 12 s
Total time elapsed: 0 min 12 s

--------------------------------------------------
machine: 4
jobs: 30
w: [ 77  15  41  68  80  78  70  39  98  33  15  84  33  45   2  38  17  23
  89  38  49  97  58  35  51  58 100  51  42  24]
p: [18 27 60 54 98 41 48 49 30 26 86 41 64 45 91 96 42 28 89 54 10 13 58 86
 26 36 81 22 43 43]
smith_order: [21 20  0  8 27 11 24  5 25  6  9  3 26 13 22 18 28 17  4  7 19  2 29  1
 12 23 16 15 10 14]
serial schedule cost - UB: 707263

	+++RESULTS+++
optimum total cost: 206930.0
processing time LB, Hmin: 302.75
processing time UB, Hmax: 449.75
selected schedule: [12, 13, 14, 15]
	M1 <- [20, 27, 25, 9, 22, 17, 19, 1, 15],	C_j(s)=[ 10  32  68  94 152 180 234 261 357],	c_s=48497
	M2 <- [8, 24, 3, 13, 4, 23],	C_j(s)=[ 30  56 110 155 253 339],	c_s=52356
	M3 <- [21, 11, 6, 18, 2, 29, 10],	C_j(s)=[ 13  54 102 191 251 294 380],	c_s=52983
	M4 <- [0, 5, 26, 28, 7, 12, 16, 14],	C_j(s)=[ 18  59 140 183 232 296 338 429],	c_s=53094

LB: 206930.0
GAP: 0.0
NBEB: 0

Heuristic processing time: 0 min 6 s
Total time elapsed: 0 min 7 s

--------------------------------------------------
machine: 4
jobs: 30
w: [19 20 10 19 18 13 12 11 17 13 18 16 13 16 15 13 20 19 18 17 12 10 15 15
 16 19 12 20 10 10]
p: [11 14 13 16 11 17 11 20 17 11 20 16 10 16 10 15 18 14 20 12 14 14 14 17
 15 14 10 11 18 15]
smith_order: [27  0  4 14  1 19 25 17 12 26  3  9 16  6 22 24 13 11  8 10 18 23 15 20
  2  5 21 29 28  7]
serial schedule cost - UB: 85590

	+++RESULTS+++
optimum total cost: 23955.0
processing time LB, Hmin: 93.5
processing time UB, Hmax: 123.5
selected schedule: [0, 1, 2, 3]
	M1 <- [27, 19, 12, 6, 13, 23, 5, 28],	C_j(s)=[ 11  23  33  44  60  77  94 112],	c_s=6025
	M2 <- [14, 1, 26, 16, 8, 18, 21],	C_j(s)=[ 10  24  34  52  69  89 103],	c_s=5883
	M3 <- [0, 25, 3, 24, 10, 20, 7],	C_j(s)=[ 11  25  41  56  76  90 110],	c_s=6017
	M4 <- [4, 17, 9, 22, 11, 15, 2, 29],	C_j(s)=[ 11  25  36  50  66  81  94 109],	c_s=6030

LB: 23955.0
GAP: 0.0
NBEB: 0

Heuristic processing time: 0 min 6 s
Total time elapsed: 0 min 7 s

--------------------------------------------------
machine: 4
jobs: 30
w: [ 3  9 85 53 40 80 96 68 53  8 75 16 26  5 80 90 45 58 58 11 58 53 23 19
 58 25 81 76 11 86]
p: [67 93 55 67 41 60 50 84 39 46 42 14 53 31 94 66 10 33 12 27 22 50 26 32
 99  6 51 38 45 58]
smith_order: [18 16 25 20 27  6 10 17 26  2 29 15  8  5 11 21  4 22 14  7  3 23 24 12
 19 28  9 13  1  0]
serial schedule cost - UB: 656249

	+++RESULTS+++
optimum total cost: 193202.0
processing time LB, Hmin: 278.5
processing time UB, Hmax: 427.0
selected schedule: [28, 29, 30, 31]
	M1 <- [20, 10, 15, 11, 14, 12, 13, 0],	C_j(s)=[ 22  64 130 144 238 291 322 389],	c_s=49463
	M2 <- [18, 17, 2, 5, 7, 19, 9],	C_j(s)=[ 12  45 100 160 244 271 317],	c_s=46715
	M3 <- [25, 27, 26, 8, 4, 3, 23, 28],	C_j(s)=[  6  44  95 134 175 242 274 319],	c_s=46832
	M4 <- [16, 6, 29, 21, 22, 24, 1],	C_j(s)=[ 10  60 118 168 194 293 386],	c_s=50192

LB: 193202.0
GAP: 0.0
NBEB: 0

Heuristic processing time: 0 min 6 s
Total time elapsed: 0 min 7 s

--------------------------------------------------
machine: 4
jobs: 30
w: [42 22 34 12 91 22 12 32 62 69 63 52 81 28 27 73 91 14 35 63 43 18 63 20
 53 86 34 48 20 57]
p: [ 8  2  7  7  3  4  2  7  5  8  4 10 10  2  3 10  1  1  3  4  5  4  6  6
 10 10  1  6  5  3]
smith_order: [16 26  4 29 10 19 17 13  8 18  1 22 14  9 20 25 12 27 15  6  5 24  0 11
  2  7 21 28 23  3]
serial schedule cost - UB: 74782

	+++RESULTS+++
optimum total cost: 21791.0
processing time LB, Hmin: 31.75
processing time UB, Hmax: 46.75
selected schedule: [1, 3, 21, 22]
	M1 <- [26, 10, 18, 9, 27, 5, 2, 23],	C_j(s)=[ 1  5  8 16 22 26 33 39],	c_s=5263
	M2 <- [16, 19, 22, 12, 24, 21, 3],	C_j(s)=[ 1  5 11 21 31 35 42],	c_s=5577
	M3 <- [4, 8, 20, 15, 11, 28],	C_j(s)=[ 3  8 13 23 33 38],	c_s=5483
	M4 <- [29, 17, 13, 1, 14, 25, 6, 0, 7],	C_j(s)=[ 3  4  6  8 11 21 23 31 38],	c_s=5468

LB: 21791.0
GAP: 0.0
NBEB: 0

Heuristic processing time: 0 min 6 s
Total time elapsed: 0 min 6 s

--------------------------------------------------
machine: 4
jobs: 30
w: [ 23  13  37  54  47  23  90  75  61  39  59  15  49  80 100  79  10  89
  40  56  24  20  62  86  24  57  99  33  38  57]
p: [ 2  5  6 10 10  7  8  5  1  1  4  8  6  7  3  9  2  6  5  6  3 10  8  5
  9  1  1 10  4  2]
smith_order: [26  8 25  9 14 29 23  7 17 10  0 13  6 28 19 15 12 18 20 22  2  3 16  4
 27  5 24  1 21 11]
serial schedule cost - UB: 73680

	+++RESULTS+++
optimum total cost: 21697.0
processing time LB, Hmin: 33.5
processing time UB, Hmax: 48.5
selected schedule: [0, 1, 2, 3]
	M1 <- [14, 10, 6, 18, 2, 5, 21],	C_j(s)=[ 3  7 15 20 26 33 43],	c_s=5444
	M2 <- [25, 29, 7, 28, 15, 3, 24],	C_j(s)=[ 1  3  8 12 21 31 40],	c_s=5577
	M3 <- [26, 23, 13, 12, 20, 16, 27, 11],	C_j(s)=[ 1  6 13 19 22 24 34 42],	c_s=5106
	M4 <- [8, 9, 17, 0, 19, 22, 4, 1],	C_j(s)=[ 1  2  8 10 16 24 34 39],	c_s=5570

LB: 21697.0
GAP: 0.0
NBEB: 0

Heuristic processing time: 0 min 6 s
Total time elapsed: 0 min 6 s

--------------------------------------------------
machine: 4
jobs: 30
w: [  4  86  22  87  90  64  30  34  66  41  11   5  55  85   6   9  75  21
   1   9  20   4  37 100  27  13  65  24   5  54]
p: [35 26 58 91 21 29 43 88 74  2 25 79 22 65 28 30 93 23 62 43 39 76 63  9
  8 33 37 67 35 92]
smith_order: [ 9 23  4 24  1 12  5 26 13  3 17  8 16  6 22 29 20 10 25  7  2 27 15 14
 19 28  0 11 21 18]
serial schedule cost - UB: 384050

	+++RESULTS+++
optimum total cost: 118236.0
processing time LB, Hmin: 279.25
processing time UB, Hmax: 418.75
selected schedule: [4, 5, 6, 7]
	M1 <- [24, 12, 3, 22, 25, 15, 19, 21],	C_j(s)=[  8  30 121 184 217 247 290 366],	c_s=28319
	M2 <- [9, 1, 13, 17, 6, 10, 7, 28, 18],	C_j(s)=[  2  28  93 116 159 184 272 307 369],	c_s=30777
	M3 <- [23, 5, 8, 29, 27, 0],	C_j(s)=[  9  38 112 204 271 306],	c_s=29468
	M4 <- [4, 26, 16, 20, 2, 14, 11],	C_j(s)=[ 21  58 151 190 248 276 355],	c_s=29672

LB: 118236.0
GAP: 0.0
NBEB: 0

Heuristic processing time: 0 min 6 s
Total time elapsed: 0 min 7 s

--------------------------------------------------
machine: 4
jobs: 30
w: [67 62 28 29 52 96 61 48 73 97 18 26 42 21 35 13 61 97 58 87 91 99 18 37
 38 74 46 24 76 55]
p: [ 9  9  4 10  9  9  9  5 10  2  8  4  2  2  7  4  5  3  6  7 10  3  8  5
  9  6  5  1  1  4]
smith_order: [28  9 21 17 27 12 29 19 25 16  5 13 18  7 26 20  0 23  8  2  1  6 11  4
 14 24 15  3 10 22]
serial schedule cost - UB: 94741

	+++RESULTS+++
optimum total cost: 27513.0
processing time LB, Hmin: 36.5
processing time UB, Hmax: 51.5
selected schedule: [8, 9, 10, 11]
	M1 <- [17, 19, 18, 8, 11, 14, 10],	C_j(s)=[ 3 10 16 26 30 37 45],	c_s=6872
	M2 <- [9, 12, 16, 13, 20, 23, 4, 3],	C_j(s)=[ 2  4  9 11 21 26 35 45],	c_s=7140
	M3 <- [28, 27, 29, 5, 0, 6, 15, 22],	C_j(s)=[ 1  2  6 15 24 33 37 45],	c_s=6806
	M4 <- [21, 25, 7, 26, 2, 1, 24],	C_j(s)=[ 3  9 14 19 23 32 41],	c_s=6695

LB: 27513.0
GAP: 0.0
NBEB: 0

Heuristic processing time: 0 min 6 s
Total time elapsed: 0 min 6 s

--------------------------------------------------
machine: 4
jobs: 30
w: [62 68 20 84 17 32 53 13 24 65 24 26 11 32 80 37 49 30 12 46 58 28 14 37
 83 22 41 20 48 79]
p: [10  7  4  3  7  4  3  5  2 10  4 10  5  3  2  8 10 10 10  8  6  1  3  2
  8  8  8  6  3  1]
smith_order: [29 14  3 21 23  6 28  8 13 24  1 20  5  9  0 10 19 26  2 16 22 15 27 17
 25 11  7  4 12 18]
serial schedule cost - UB: 61899

	+++RESULTS+++
optimum total cost: 18203.0
processing time LB, Hmin: 35.25
processing time UB, Hmax: 50.25
selected schedule: [8, 9, 10, 11]
	M1 <- [29, 23, 8, 13, 5, 19, 16, 11],	C_j(s)=[ 1  3  5  8 12 20 30 40],	c_s=4380
	M2 <- [3, 24, 9, 2, 17, 4],	C_j(s)=[ 3 11 21 25 35 42],	c_s=4794
	M3 <- [14, 28, 20, 0, 15, 25, 12],	C_j(s)=[ 2  5 11 21 29 37 42],	c_s=4689
	M4 <- [21, 6, 1, 10, 26, 22, 27, 7, 18],	C_j(s)=[ 1  4 11 15 23 26 32 37 47],	c_s=4340

LB: 18203.0
GAP: 0.0
NBEB: 0

Heuristic processing time: 0 min 6 s
Total time elapsed: 0 min 6 s

--------------------------------------------------
machine: 4
jobs: 30
w: [75 11 55 19 17 25 96 44 39 36 30 58 49 95 31 15 58 40 31 25 94 45 41 31
 69 38 95 31 11 18]
p: [ 1  4 10  1  9  7  4  8  2  1  8  2  6  9  4  2  7  5 10  9  5  2  7  5
  9  6  5  4 10  2]
smith_order: [ 0  9 11  6 21  8  3 26 20 13 29 16 12 17 14 27 24 15 25 23 22  7  2 10
  5 18 19  1  4 28]
serial schedule cost - UB: 65423

	+++RESULTS+++
optimum total cost: 19273.0
processing time LB, Hmin: 33.5
processing time UB, Hmax: 48.5
selected schedule: [8, 9, 10, 11]
	M1 <- [6, 13, 14, 22, 10, 4],	C_j(s)=[ 4 13 17 24 32 41],	c_s=4787
	M2 <- [11, 26, 16, 15, 25, 7, 19],	C_j(s)=[ 2  7 14 16 22 30 39],	c_s=4964
	M3 <- [9, 21, 8, 3, 29, 12, 27, 2, 18],	C_j(s)=[ 1  3  5  6  8 14 18 28 38],	c_s=4586
	M4 <- [0, 20, 17, 24, 23, 5, 1, 28],	C_j(s)=[ 1  6 11 20 25 32 36 46],	c_s=4936

LB: 19273.00000000005
GAP: 0.0
NBEB: 0

Heuristic processing time: 0 min 6 s
Total time elapsed: 0 min 6 s

--------------------------------------------------
machine: 4
jobs: 30
w: [ 64  90  67  35  74  98  22  29  42  97  35  89  36  88  65  22  48  24
  10 100  18  60  78  25  38  41  31  57  35  94]
p: [ 7  8  9 10  3  1  9  2  4  2  2  2  4  9  4  1  3  6  1  2  5  1  5  6
  1  3  5 10 10 10]
smith_order: [ 5 21 19  9 11 24  4 15 10 14 16 22  7 25  1  8 18 13 29  0 12  2 26 27
 23 17 20 28  3  6]
serial schedule cost - UB: 68180

	+++RESULTS+++
optimum total cost: 20200.0
processing time LB, Hmin: 28.75
processing time UB, Hmax: 43.75
selected schedule: [24, 25, 26, 27]
	M1 <- [19, 4, 7, 1, 12, 27, 6],	C_j(s)=[ 2  5  7 15 19 29 38],	c_s=5296
	M2 <- [9, 15, 16, 25, 18, 29, 23, 28],	C_j(s)=[ 2  3  6  9 10 20 26 36],	c_s=4807
	M3 <- [21, 11, 22, 13, 2, 3],	C_j(s)=[ 1  3  8 17 26 36],	c_s=5449
	M4 <- [5, 24, 10, 14, 8, 0, 26, 17, 20],	C_j(s)=[ 1  2  4  8 12 19 24 30 35],	c_s=4648

LB: 20200.0
GAP: 0.0
NBEB: 0

Heuristic processing time: 0 min 7 s
Total time elapsed: 0 min 7 s

--------------------------------------------------
machine: 4
jobs: 30
w: [17 16 12 13 10 16 15 17 12 20 16 20 13 11 20 12 15 10 10 17 13 11 15 14
 10 17 12 13 20 11]
p: [14 17 19 12 16 19 11 16 16 19 12 14 12 10 19 11 12 14 17 14 17 20 17 17
 14 10 20 13 17 11]
smith_order: [25 11  6 10 16  0 19 28 13 15  3 12  7  9 14 27 29  1 22  5 23 20  8 17
 24  2  4 26 18 21]
serial schedule cost - UB: 84113

	+++RESULTS+++
optimum total cost: 23511.0
processing time LB, Hmin: 97.5
processing time UB, Hmax: 127.5
selected schedule: [8, 24, 25, 27]
	M1 <- [25, 16, 13, 9, 29, 23, 24, 21],	C_j(s)=[ 10  22  32  51  62  79  93 113],	c_s=5833
	M2 <- [6, 0, 15, 12, 1, 20, 4, 18],	C_j(s)=[ 11  25  36  48  65  82  98 115],	c_s=5882
	M3 <- [11, 19, 3, 14, 5, 17, 26],	C_j(s)=[ 14  28  40  59  78  92 112],	c_s=5968
	M4 <- [10, 28, 7, 27, 22, 8, 2],	C_j(s)=[ 12  29  45  58  75  91 110],	c_s=5828

LB: 23511.0
GAP: 0.0
NBEB: 0

Heuristic processing time: 0 min 6 s
Total time elapsed: 0 min 6 s

--------------------------------------------------
machine: 4
jobs: 30
w: [24 72 35 97 34 53 79 85 95 87 51 30 55 16 82 52 22 45 47 76 30 59 19 73
 86 15 22 48 50 83]
p: [ 1  6  3  9  7  4  3  7  2  2  1  9  8  3  2  8  9  5  8  7 10  7  5 10
 10  1  9  8  4  8]
smith_order: [10  8  9 14  6  0 25  5 28  7  1  2 19  3 29 17 24 21 23 12 15 27 18 13
  4 22 11 20 26 16]
serial schedule cost - UB: 93046

	+++RESULTS+++
optimum total cost: 27048.0
processing time LB, Hmin: 36.5
processing time UB, Hmax: 51.5
selected schedule: [20, 22, 32, 39]
	M1 <- [10, 6, 1, 2, 17, 23, 13, 22, 26],	C_j(s)=[ 1  4 10 13 18 28 31 36 45],	c_s=6566
	M2 <- [9, 25, 7, 29, 12, 18, 20],	C_j(s)=[ 2  3 10 18 26 34 44],	c_s=6911
	M3 <- [14, 0, 28, 19, 24, 27, 11],	C_j(s)=[ 2  3  7 14 24 32 41],	c_s=6480
	M4 <- [8, 5, 3, 21, 15, 4, 16],	C_j(s)=[ 2  6 15 22 30 37 46],	c_s=7091

LB: 27048.0
GAP: 0.0
NBEB: 0

Heuristic processing time: 0 min 7 s
Total time elapsed: 0 min 7 s

--------------------------------------------------
machine: 4
jobs: 30
w: [91 54 76 18 63 95 24 63 28 94 57 25 58 13 98 89 18 76 80 81 64 23 80 66
 54 88 33 47 18 76]
p: [ 66  74  93   7   1  52  47  27  18  35  37 100  58  82  65  94  91  52
   3  88  79  63  63  37  31  11  98  41  78  51]
smith_order: [ 4 18 25  9  3  7  5 23 24  8 10 14 29 17  0 22 27 12 15 19  2 20  1  6
 21 26 11 28 16 13]
serial schedule cost - UB: 853151

	+++RESULTS+++
optimum total cost: 249992.0
processing time LB, Hmin: 335.5
processing time UB, Hmax: 485.5
selected schedule: [12, 13, 15, 22]
	M1 <- [9, 10, 17, 27, 19, 26, 13],	C_j(s)=[ 35  72 124 165 253 351 433],	c_s=62278
	M2 <- [25, 23, 8, 0, 15, 1, 11],	C_j(s)=[ 11  48  66 132 226 300 400],	c_s=64310
	M3 <- [18, 3, 5, 14, 12, 20, 6, 28],	C_j(s)=[  3  10  62 127 185 264 311 389],	c_s=60848
	M4 <- [4, 7, 24, 29, 22, 2, 21, 16],	C_j(s)=[  1  28  59 110 173 266 329 420],	c_s=62556

LB: 249992.0
GAP: 0.0
NBEB: 0

Heuristic processing time: 0 min 7 s
Total time elapsed: 0 min 10 s

--------------------------------------------------