
machine: 4
jobs: 40
w: [65 82 42 99 60 98 93  4 86  5 51 52 75 97 44 43 82 30 29 93 95 86 35 12
  2 45 92 60 70 95 25 73 33 68 43 81  5 42 71 15]
p: [33 57 98 18 65 60 47 79 13 92 50  1 64 21 84 76 23 57 82 37  3 34 74 37
 79 90 61 58 90 47 74 62 84 73  8 52 60 25 79  8]
smith_order: [11 20  8  3 34 13 16 21 19 29  6  0 39 37  5 35 26  1 31 12 27 10 33  4
 38 28 15 17 14 25 22  2 32 18 30 23 36  9  7 24]
serial schedule cost - UB: 1254811

	+++RESULTS+++
optimum total cost: 356907.0
processing time LB, Hmin: 465.25
processing time UB, Hmax: 612.25
selected schedule: [9, 27, 32, 35]
	M1 <- [11, 34, 16, 6, 35, 12, 4, 17, 22, 30, 7],	C_j(s)=[  1   9  32  79 131 195 260 317 391 465 544],	c_s=88242
	M2 <- [8, 21, 0, 26, 27, 38, 14, 32, 36],	C_j(s)=[ 13  47  80 141 199 278 362 446 506],	c_s=88186
	M3 <- [20, 13, 29, 37, 1, 10, 28, 25, 18, 9],	C_j(s)=[  3  24  71  96 153 203 293 383 465 557],	c_s=90304
	M4 <- [3, 19, 39, 5, 31, 33, 15, 2, 23, 24],	C_j(s)=[ 18  55  63 123 185 258 334 432 469 548],	c_s=90175

LB: 356906.9999999994
GAP: 0.0
NBEB: 0

Heuristic processing time: 0 min 22 s
Total time elapsed: 0 min 28 s

--------------------------------------------------
machine: 4
jobs: 40
w: [13 12 18 14 16 10 20 10 13 20 15 10 16 16 18 12 15 13 15 14 13 11 18 16
 14 19 10 18 20 13 20 15 19 14 15 11 16 20 11 20]
p: [19 13 13 13 20 18 14 16 12 15 20 12 13 12 20 11 16 11 18 17 11 14 20 10
 15 18 11 11 13 19 17 10 14 14 13 12 20 17 12 16]
smith_order: [27 23 28 31  6  2 32  9 13 39 12 17 20 30 37 34 15  8  3 25 33 16 24  1
 35 38 26 22 14 18 11 19  4 36 21 10 29  0  7  5]
serial schedule cost - UB: 155891

	+++RESULTS+++
optimum total cost: 42403.0
processing time LB, Hmin: 132.5
processing time UB, Hmax: 162.5
selected schedule: [4, 6, 7, 24]
	M1 <- [28, 9, 20, 37, 8, 1, 22, 19, 21, 5],	C_j(s)=[ 13  28  39  56  68  81 101 118 132 150],	c_s=10725
	M2 <- [31, 2, 13, 17, 15, 33, 24, 14, 36, 29],	C_j(s)=[ 10  23  35  46  57  71  86 106 126 145],	c_s=10413
	M3 <- [27, 32, 12, 30, 25, 38, 26, 11, 4, 0],	C_j(s)=[ 11  25  38  55  73  85  96 108 128 147],	c_s=10702
	M4 <- [23, 6, 39, 34, 3, 16, 35, 18, 10, 7],	C_j(s)=[ 10  24  40  53  66  82  94 112 132 148],	c_s=10563

LB: 42403.0
GAP: 0.0
NBEB: 0

Heuristic processing time: 0 min 22 s
Total time elapsed: 0 min 23 s

--------------------------------------------------
machine: 4
jobs: 40
w: [67 75 57 39 87 60 11 49 51 31 70 77 95 85 82 91 11 68 84 27 55 33 46 74
 92 30 28 84 12 87 97 47 13 20 26 66 22 33 70 83]
p: [ 1  5 10  3  3  2  2  8  8 10  8  3  9  5 10  4  7  7  4  1 10  5  9  1
  7  3  4  2  1  2  6  4  5  4  2  5  9  2  8  2]
smith_order: [23  0 29 27 39  5  4 19 11 15 18 13 37 30  1 35 24  3 34 28 31 12 25 17
 38 10 14 26 21  8  7  2  6 20 22 33  9 32 36 16]
serial schedule cost - UB: 137247

	+++RESULTS+++
optimum total cost: 38833.0
processing time LB, Hmin: 42.75
processing time UB, Hmax: 57.75
selected schedule: [32, 33, 34, 35]
	M1 <- [0, 39, 11, 30, 3, 12, 26, 21, 6, 22, 32],	C_j(s)=[ 1  3  6 12 15 24 28 33 35 44 49],	c_s=9726
	M2 <- [29, 4, 13, 24, 25, 14, 7, 33, 36],	C_j(s)=[ 2  5 10 17 20 30 38 42 51],	c_s=9907
	M3 <- [23, 5, 15, 37, 35, 28, 17, 38, 2, 9],	C_j(s)=[ 1  3  7  9 14 15 22 30 40 50],	c_s=9718
	M4 <- [27, 19, 18, 1, 34, 31, 10, 8, 20, 16],	C_j(s)=[ 2  3  7 12 14 18 26 34 44 51],	c_s=9482

LB: 38833.0
GAP: 0.0
NBEB: 0

Heuristic processing time: 0 min 23 s
Total time elapsed: 0 min 23 s

--------------------------------------------------
machine: 4
jobs: 40
w: [ 12  68  66  72  75  25  21  13  73  92  31  73  60  64  51  16  17  16
  90  15  36  68  34  45  22  92  93  41  12  32  97  22  27  87  60  74
 100  33  95  88]
p: [ 8  8  4  4  5  4  6 10  5  1  3 10  9  5  4  9  3  4  2  2  1 10  2  7
 10  5  3  2  9 10  6  8  5  4  6  4  9  6  6  1]
smith_order: [ 9 39 18 20 26 33 27 35 25  3 22  2 30 38  4  8 13 14 36 10 34  1 19 11
 21 12 23  5 16 37 32 17  6 29 31 24 15  0 28  7]
serial schedule cost - UB: 128745

	+++RESULTS+++
optimum total cost: 36501.0
processing time LB, Hmin: 47.5
processing time UB, Hmax: 62.5
selected schedule: [16, 17, 18, 19]
	M1 <- [26, 27, 3, 4, 14, 1, 23, 16, 29, 0],	C_j(s)=[ 3  5  9 14 18 26 33 36 46 54],	c_s=9085
	M2 <- [18, 35, 30, 13, 10, 11, 5, 17, 31, 28],	C_j(s)=[ 2  6 12 17 20 30 34 38 46 55],	c_s=8816
	M3 <- [39, 33, 22, 2, 8, 34, 19, 12, 37, 24, 7],	C_j(s)=[ 1  5  7 11 16 22 24 33 39 49 59],	c_s=9447
	M4 <- [9, 20, 25, 38, 36, 21, 32, 6, 15],	C_j(s)=[ 1  2  7 13 22 32 37 43 52],	c_s=9153

LB: 36500.99999999998
GAP: 0.0
NBEB: 0

Heuristic processing time: 0 min 22 s
Total time elapsed: 0 min 23 s

--------------------------------------------------
machine: 4
jobs: 40
w: [25 28 94  5 84 92 37 58 13 94 41  7 32 37 97 15 41 85 40 72 64 30 39 35
 75  1 27 48 95 83 18 23 89 79 58 49 54 40 30 93]
p: [67 17 30 63 92 59 71 29 72 32 24 52 32 80 24 91  3 34 71 23 68 20 36  4
 81 82 27 37 90 66 17 79  2 26 41 92  6 43 57 71]
smith_order: [32 16 36 23 14  2 19 33  9 17  7 10  1  5 21 34 39 27 29 22 30 28 26 12
 20 37 24  4 18 35 38  6 13  0 31  8 15 11  3 25]
serial schedule cost - UB: 1028229

	+++RESULTS+++
optimum total cost: 294160.0
processing time LB, Hmin: 408.75
processing time UB, Hmax: 546.75
selected schedule: [0, 1, 2, 3]
	M1 <- [23, 2, 7, 39, 30, 12, 4, 6, 31, 3],	C_j(s)=[  4  34  63 134 151 183 275 346 425 488],	c_s=76143
	M2 <- [32, 14, 17, 21, 29, 26, 20, 18, 0, 15],	C_j(s)=[  2  26  60  80 146 173 241 312 379 470],	c_s=71418
	M3 <- [36, 9, 10, 5, 28, 37, 38, 13, 11],	C_j(s)=[  6  38  62 121 211 254 311 391 443],	c_s=74673
	M4 <- [16, 19, 33, 1, 34, 27, 22, 24, 35, 8, 25],	C_j(s)=[  3  26  52  69 110 147 183 264 356 428 510],	c_s=71926

LB: 294160.0
GAP: 0.0
NBEB: 0

Heuristic processing time: 0 min 22 s
Total time elapsed: 0 min 24 s

--------------------------------------------------
machine: 4
jobs: 40
w: [ 69  41  29  34  38  55  57  93  28  99  94  65 100  85  71  75  26  41
  43  55  11  74  60  37  18  83  79  90  60  24  85  23  48  10  14  48
  13  76  70  60]
p: [ 5  9  6  8  2  7  6  3  7  9  3  4  4  1 10  5 10 10  9  7  5  6  1  3
  6  8  7  9  1  8  7  1  9  3  7  2 10  3  9  2]
smith_order: [13 22 28 10  7 39 37 12 35 31  4 11 15  0 23 21 30 26  9 25 27  6 19  5
 38 14 32  2 18  1  3 17  8 33 29 24 16 20 34 36]
serial schedule cost - UB: 148296

	+++RESULTS+++
optimum total cost: 41902.0
processing time LB, Hmin: 50.5
processing time UB, Hmax: 65.5
selected schedule: [4, 5, 6, 7]
	M1 <- [10, 37, 23, 21, 25, 5, 2, 3, 24, 36],	C_j(s)=[ 3  6  9 15 23 30 36 44 50 60],	c_s=9960
	M2 <- [22, 39, 35, 4, 0, 9, 19, 32, 17, 16],	C_j(s)=[ 1  3  5  7 12 21 28 37 47 57],	c_s=10378
	M3 <- [13, 7, 31, 11, 30, 27, 14, 1, 29, 20],	C_j(s)=[ 1  4  5  9 16 25 35 44 52 57],	c_s=10931
	M4 <- [28, 12, 15, 26, 6, 38, 18, 8, 33, 34],	C_j(s)=[ 1  5 10 17 23 32 41 48 51 58],	c_s=10633

LB: 41902.0
GAP: 0.0
NBEB: 0

Heuristic processing time: 0 min 22 s
Total time elapsed: 0 min 23 s

--------------------------------------------------
machine: 4
jobs: 40
w: [19 15 17 17 17 11 12 10 20 15 20 19 13 15 17 10 14 10 15 18 18 13 20 11
 17 12 10 18 11 20 16 17 16 11 19 15 16 16 10 20]
p: [16 17 11 11 16 13 18 13 15 20 10 14 14 13 15 20 12 18 16 10 11 16 13 13
 18 19 12 12 14 17 12 17 11 20 18 17 17 14 11 11]
smith_order: [10 39 19 20  2  3 22 27 32 11  8 30  0 29 16 13 37 14  4 34 31 24 36 18
 12 38 35  1 23  5 26 21 28  7  9  6 25 17 33 15]
serial schedule cost - UB: 149360

	+++RESULTS+++
optimum total cost: 40727.0
processing time LB, Hmin: 131.25
processing time UB, Hmax: 161.25
selected schedule: [20, 21, 22, 23]
	M1 <- [19, 2, 32, 0, 37, 31, 12, 23, 9, 25],	C_j(s)=[ 10  21  32  48  62  79  93 106 126 145],	c_s=10301
	M2 <- [39, 22, 30, 16, 14, 24, 35, 5, 6, 17],	C_j(s)=[ 11  24  36  48  63  81  98 111 129 147],	c_s=10105
	M3 <- [10, 3, 11, 29, 34, 36, 38, 26, 28, 33],	C_j(s)=[ 10  21  35  52  70  87  98 110 124 144],	c_s=10012
	M4 <- [20, 27, 8, 13, 4, 18, 1, 21, 7, 15],	C_j(s)=[ 11  23  38  51  67  83 100 116 129 149],	c_s=10309

LB: 40727.0
GAP: 0.0
NBEB: 0

Heuristic processing time: 0 min 22 s
Total time elapsed: 0 min 23 s

--------------------------------------------------
machine: 4
jobs: 40
w: [ 41  38  40  78  85  43  76  42  69  13  27  98  26  25  39  37  72  90
  84  71  60  15  55  67  90  17  27  95  70  47  74  55  47  49  16  79
 100  73  37  68]
p: [ 2  9 10  1  1  2  5  5  1  1  7  7  8  9  1  9  2  8  1  8  8  1  8  6
  2  5  3  9  3  7  6  6  6  6  3  2  5  6  5  4]
smith_order: [ 4 18  3  8 24 35 14 16 28  5  0 36 39  6 21 11  9 30 37 17 23 27 31 26
 19  7 33 32 20 38 22 29 34  1 15  2 10 25 12 13]
serial schedule cost - UB: 132950

	+++RESULTS+++
optimum total cost: 37532.0
processing time LB, Hmin: 42.0
processing time UB, Hmax: 57.0
selected schedule: [1, 7, 20, 22]
	M1 <- [3, 35, 0, 6, 17, 26, 7, 20, 1, 25],	C_j(s)=[ 1  3  5 10 18 21 26 34 43 48],	c_s=9049
	M2 <- [8, 16, 36, 30, 23, 19, 38, 15, 13],	C_j(s)=[ 1  3  8 14 20 28 33 42 51],	c_s=9499
	M3 <- [18, 24, 5, 39, 9, 37, 31, 33, 29, 34, 2],	C_j(s)=[ 1  3  5  9 10 16 22 28 35 38 48],	c_s=9234
	M4 <- [4, 14, 28, 21, 11, 27, 32, 22, 10, 12],	C_j(s)=[ 1  2  5  6 13 22 28 36 43 51],	c_s=9750

LB: 37532.0
GAP: 0.0
NBEB: 0

Heuristic processing time: 0 min 24 s
Total time elapsed: 0 min 24 s

--------------------------------------------------
machine: 4
jobs: 40
w: [14 20 15 10 10 15 15 13 19 20 11 13 14 18 13 15 19 15 18 16 17 20 19 19
 16 15 20 11 19 19 18 17 15 19 17 17 13 14 11 18]
p: [14 20 14 19 14 20 15 20 16 12 17 12 17 16 13 18 11 19 13 11 20 17 19 16
 17 13 18 11 13 15 13 20 19 19 15 17 13 20 17 17]
smith_order: [16  9 28 19 30 18 29 23  8 21 25 34 13 26 11  2 39 22 14  1  6 36 35 33
 27  0 24 31 20 15 12 32 17  5  4 37  7 10 38  3]
serial schedule cost - UB: 179696

	+++RESULTS+++
optimum total cost: 48831.0
processing time LB, Hmin: 145.0
processing time UB, Hmax: 175.0
selected schedule: [16, 17, 18, 19]
	M1 <- [28, 23, 34, 2, 35, 14, 24, 12, 5, 10],	C_j(s)=[ 13  29  44  58  75  88 105 122 142 159],	c_s=12102
	M2 <- [19, 18, 8, 11, 39, 36, 33, 15, 17, 7],	C_j(s)=[ 11  24  40  52  69  82 101 119 138 158],	c_s=12180
	M3 <- [16, 30, 21, 13, 27, 1, 0, 20, 37, 38],	C_j(s)=[ 11  24  41  57  68  88 102 122 142 159],	c_s=12234
	M4 <- [9, 29, 25, 26, 22, 6, 31, 32, 4, 3],	C_j(s)=[ 12  27  40  58  77  92 112 131 145 164],	c_s=12315

LB: 48831.0
GAP: 0.0
NBEB: 0

Heuristic processing time: 0 min 23 s
Total time elapsed: 0 min 24 s

--------------------------------------------------
machine: 4
jobs: 40
w: [83 29 26 80 40 80 41 38 80 53 21 27 61 32 69 30 29 58 63 66 42 40 32 25
 11 55  3 33 95 80 64 50 18  3 48 23 61 38 62  1]
p: [ 94  19  64  45  97  66  56  10  63   6  27  43  92  60  32   5  23  33
   3  25  28  27  75 100  87  34  41  27  92  74  33  83  86  60   4  65
  90 100   1  28]
smith_order: [38 18 34  9 15  7 19 14 30  3 17 25  1 20 21  8 16 27  5 29 28  0 10  6
 36 12 11 31 13 22  4  2 37 35 23 32 24 26 33 39]
serial schedule cost - UB: 977101

	+++RESULTS+++
optimum total cost: 280401.0
processing time LB, Hmin: 424.5
processing time UB, Hmax: 574.5
selected schedule: [10, 20, 21, 35]
	M1 <- [34, 19, 17, 21, 5, 10, 36, 22, 35, 24],	C_j(s)=[  4  29  62  89 155 182 272 347 412 499],	c_s=68145
	M2 <- [9, 14, 25, 16, 29, 6, 31, 2, 23],	C_j(s)=[  6  38  72  95 169 225 308 372 472],	c_s=69272
	M3 <- [18, 7, 3, 1, 27, 28, 12, 4, 32, 39],	C_j(s)=[  3  13  58  77 104 196 288 385 471 499],	c_s=71553
	M4 <- [38, 15, 30, 20, 8, 0, 11, 13, 37, 26, 33],	C_j(s)=[  1   6  39  67 130 224 267 327 427 468 528],	c_s=71431

LB: 280401.0
GAP: 0.0
NBEB: 0

Heuristic processing time: 0 min 22 s
Total time elapsed: 0 min 30 s

--------------------------------------------------
machine: 4
jobs: 40
w: [95 62 85 34 65 36 23 76 88 11 80 90 13 33 47 69 38 37 46 64 27 25 58 60
 61 98 80 69 18 68 47 70 86 73 96 54 51 57 60 42]
p: [10  3  8  8  8  5  6  3 10  9  4  2  1  2  1  2  6  1  2 10  3  1  6  8
  1  2  8  4  1  6  2  2  6  9  8 10  5  8  2  9]
smith_order: [24 25 14 11 17 31 15 38  7 21 30 18  1 10 28 27 13 32 12 34 29  2 36 26
 22  0 20  8  4 33 23  5 37 19 16 35 39  3  6  9]
serial schedule cost - UB: 151067

	+++RESULTS+++
optimum total cost: 42586.0
processing time LB, Hmin: 43.0
processing time UB, Hmax: 58.0
selected schedule: [0, 1, 2, 3]
	M1 <- [25, 15, 30, 28, 13, 12, 2, 22, 4, 37, 39],	C_j(s)=[ 2  4  6  7  9 10 18 24 32 40 49],	c_s=10647
	M2 <- [11, 38, 18, 27, 29, 36, 20, 33, 19, 6],	C_j(s)=[ 2  4  6 10 16 21 24 33 43 49],	c_s=10481
	M3 <- [14, 17, 7, 10, 34, 0, 23, 16, 3],	C_j(s)=[ 1  2  5  9 17 27 35 41 49],	c_s=10742
	M4 <- [24, 31, 21, 1, 32, 26, 8, 5, 35, 9],	C_j(s)=[ 1  3  4  7 13 21 31 36 46 55],	c_s=10716

LB: 42586.0
GAP: 0.0
NBEB: 0

Heuristic processing time: 0 min 23 s
Total time elapsed: 0 min 24 s

--------------------------------------------------
machine: 4
jobs: 40
w: [30  5 74 22 60 66 22 33 26 73 26 41 80 77  5 45  5 41 52  9 20 28 17 19
 39 95 40 98 12 96 49  4 75 25  3 22 28 58 79 69]
p: [61 48 96 41 63 16 13 71 10 39 98 17 78 12 16 78 70 39 70 62 17 15 26 61
 41 62  3 55 70 11 41 27 83 89 42 43 42 12 86 67]
smith_order: [26 29 13 37  5  8 11  9 21 27  6 25 30 20 17 39 12  4 24 38 32  2 18 36
 22 15  3 35  0  7 14 23 33 10 28 31 19  1 16 34]
serial schedule cost - UB: 868628

	+++RESULTS+++
optimum total cost: 249942.0
processing time LB, Hmin: 399.25
processing time UB, Hmax: 546.25
selected schedule: [12, 13, 14, 15]
	M1 <- [13, 11, 25, 24, 32, 36, 0, 10, 16],	C_j(s)=[ 12  29  91 132 215 257 318 416 486],	c_s=62013
	M2 <- [26, 5, 21, 6, 30, 12, 2, 35, 14, 23, 31, 1],	C_j(s)=[  3  19  34  47  88 166 262 305 321 382 409 457],	c_s=59834
	M3 <- [29, 27, 20, 17, 4, 18, 3, 7, 28, 34],	C_j(s)=[ 11  66  83 122 185 255 296 367 437 479],	c_s=63850
	M4 <- [37, 8, 9, 39, 38, 22, 15, 33, 19],	C_j(s)=[ 12  22  61 128 214 240 318 407 469],	c_s=64245

LB: 249942.0
GAP: 0.0
NBEB: 0

Heuristic processing time: 0 min 24 s
Total time elapsed: 0 min 28 s

--------------------------------------------------
machine: 4
jobs: 40
w: [61 50 72 72 32 44 17 73 27 93 36 22 61 60 93 17 33 31 73 50 67 56 25 69
 49 30 74 96 95 66 57 12 10 20 28 73 76 14 42 54]
p: [ 8  1  3  9  9  9 10  1  5  4  4  5  8 10  1  2  1  5  8  7  8  3  2 10
  1  4  2  1 10  1  4  9  1  8  8  8  9  9  5  6]
smith_order: [27 14  7 29  1 24 26 16  2  9 21 30 22 32 28 35 18 39 10 15 36 38 20  3
 12  0 25 19 23 17 13  8  5 11  4 34 33  6 37 31]
serial schedule cost - UB: 129264

	+++RESULTS+++
optimum total cost: 36607.0
processing time LB, Hmin: 47.25
processing time UB, Hmax: 62.25
selected schedule: [12, 13, 14, 15]
	M1 <- [14, 24, 2, 22, 18, 38, 12, 23, 11, 33],	C_j(s)=[ 1  2  5  7 15 20 28 38 43 51],	c_s=8957
	M2 <- [7, 9, 32, 28, 15, 3, 19, 8, 4, 31],	C_j(s)=[ 1  5  6 16 18 27 34 39 48 57],	c_s=9341
	M3 <- [27, 26, 30, 39, 10, 20, 25, 13, 34, 37],	C_j(s)=[ 1  3  7 13 17 25 29 39 47 56],	c_s=9016
	M4 <- [29, 1, 16, 21, 35, 36, 0, 17, 5, 6],	C_j(s)=[ 1  2  3  6 14 23 31 36 45 55],	c_s=9293

LB: 36607.0
GAP: 0.0
NBEB: 0

Heuristic processing time: 0 min 22 s
Total time elapsed: 0 min 23 s

--------------------------------------------------
machine: 4
jobs: 40
w: [13 78 25 43 49 50 37 78 23 99 97 34 46 65 95 41 30 96 66 13 18 23 87 21
 95 85 46 80 67 41 96 57 57 22 71 35 69 59 44 17]
p: [ 9 10  7  8  4  4  2  4  9  7  8  5  4  2  9  5  5  1  6  4  5  7  1  1
  1  6  8  4  8  6  2  8  7 10  2 10 10  5  4  8]
smith_order: [17 24 22 30 34 13 23 27  7  6 25  9  5  4 10 37 12 18 38 14 28 15 32  1
 31 36 29 11 16 26  3 20  2 35 21 19  8 33 39  0]
serial schedule cost - UB: 142283

	+++RESULTS+++
optimum total cost: 40124.0
processing time LB, Hmin: 49.0
processing time UB, Hmax: 64.0
selected schedule: [16, 17, 18, 19]
	M1 <- [30, 27, 10, 38, 28, 36, 20, 21, 39],	C_j(s)=[ 2  6 14 18 26 36 41 48 56],	c_s=9842
	M2 <- [24, 34, 6, 25, 14, 32, 29, 26, 19, 33],	C_j(s)=[ 1  3  5 11 20 27 33 41 45 55],	c_s=9901
	M3 <- [22, 13, 9, 37, 12, 15, 31, 3, 2, 8],	C_j(s)=[ 1  3 10 15 19 24 32 40 47 56],	c_s=10022
	M4 <- [17, 23, 7, 5, 4, 18, 1, 11, 16, 35, 0],	C_j(s)=[ 1  2  6 10 14 20 30 35 40 50 59],	c_s=10359

LB: 40124.0
GAP: 0.0
NBEB: 0

Heuristic processing time: 0 min 23 s
Total time elapsed: 0 min 23 s

--------------------------------------------------
machine: 4
jobs: 40
w: [ 73  51  14  29  86  13  57  81  10  41  44  74  68  52  29  95 100  36
  94  18  23  85  51  75 100  82  50  33  52  89  14  26  91  36  96  21
  27  70  41  19]
p: [ 9 10 10  9  2  3  3  6  9  9  7  6  2  9  2  4  7 10  7  9  5  2  9  6
  8  8  4  3  6  3 10  6  2  7  5  6  2  4  3  2]
smith_order: [32  4 21 12 29 15 34  6 37 14 16 38  7 36 18 26 24 23 11 27 25 39 28  0
 10 13 22 33  1 20  9 31  5 17 35  3 19 30  2  8]
serial schedule cost - UB: 145871

	+++RESULTS+++
optimum total cost: 41159.0
processing time LB, Hmin: 51.0
processing time UB, Hmax: 66.0
selected schedule: [16, 17, 18, 19]
	M1 <- [29, 37, 14, 36, 26, 11, 0, 33, 9, 19],	C_j(s)=[ 3  7  9 11 15 21 30 37 46 55],	c_s=10017
	M2 <- [21, 12, 6, 7, 24, 39, 10, 1, 17, 30],	C_j(s)=[ 2  4  7 13 21 23 30 40 50 60],	c_s=10431
	M3 <- [4, 15, 16, 23, 27, 28, 22, 31, 35, 2],	C_j(s)=[ 2  6 13 19 22 28 37 43 49 59],	c_s=10509
	M4 <- [32, 34, 38, 18, 25, 13, 20, 5, 3, 8],	C_j(s)=[ 2  7 10 17 25 34 39 42 51 60],	c_s=10202

LB: 41159.0000000001
GAP: 0.0
NBEB: 0

Heuristic processing time: 0 min 25 s
Total time elapsed: 0 min 25 s

--------------------------------------------------
machine: 4
jobs: 40
w: [15 12 20 20 14 14 14 20 16 10 10 10 13 10 11 17 18 19 19 11 19 10 10 20
 20 15 19 15 11 16 11 17 13 12 10 16 17 19 10 13]
p: [17 16 13 12 13 16 18 18 14 20 17 10 17 13 19 11 12 12 19 20 13 13 19 19
 20 14 15 13 13 14 19 15 12 18 13 17 19 16 19 17]
smith_order: [ 3 17 15  2 16 20 26 37 27  8 29 31  7 32  4 25 23 18 11 24 35 36  0  5
 28  6 21 34 13 39 12  1 33 10 14 30 19 38 22  9]
serial schedule cost - UB: 153962

	+++RESULTS+++
optimum total cost: 41972.0
processing time LB, Hmin: 141.25
processing time UB, Hmax: 171.25
selected schedule: [36, 37, 38, 39]
	M1 <- [15, 16, 27, 7, 18, 0, 21, 13, 33, 19],	C_j(s)=[ 11  23  36  54  73  90 103 116 134 154],	c_s=10450
	M2 <- [3, 20, 8, 32, 23, 36, 28, 39, 30, 38],	C_j(s)=[ 12  25  39  51  70  89 102 119 138 157],	c_s=10672
	M3 <- [2, 37, 31, 25, 11, 35, 6, 1, 14, 9],	C_j(s)=[ 13  29  44  58  68  85 103 119 138 158],	c_s=10437
	M4 <- [17, 26, 29, 4, 24, 5, 34, 12, 10, 22],	C_j(s)=[ 12  27  41  54  74  90 103 120 137 156],	c_s=10413

LB: 41972.0
GAP: 0.0
NBEB: 0

Heuristic processing time: 0 min 23 s
Total time elapsed: 0 min 24 s

--------------------------------------------------
machine: 4
jobs: 40
w: [16 55 54 83 37 74 73 59 55  1 51 68 40 87 45 62 25 11 58 28 48 35  5 83
 58 35 15 87 78 34 74 89  3 77 24 77 43 58 30 76]
p: [38 89  1 12 59 79  7 20 92 62  6 17 44 84 78 67  9  1 25 49 84 59 96 57
  9 59 16 43 59 85  6 35 24 67  5 11 97 66 23 62]
smith_order: [ 2 30 17  6 10 35  3 24 34 11  7 16 31 18 27 23 28 38 39 33 13 26  5 15
 12 37  4  1  8 21 25 14 19 20 36  0 29 32 22  9]
serial schedule cost - UB: 968181

	+++RESULTS+++
optimum total cost: 277889.0
processing time LB, Hmin: 377.75
processing time UB, Hmax: 523.25
selected schedule: [16, 17, 18, 19]
	M1 <- [2, 10, 11, 27, 39, 15, 4, 25, 36],	C_j(s)=[  1   7  24  67 129 196 255 314 411],	c_s=67926
	M2 <- [30, 3, 7, 23, 13, 12, 21, 14, 0, 22],	C_j(s)=[  6  18  38  95 179 223 282 360 398 494],	c_s=71466
	M3 <- [17, 35, 34, 16, 18, 28, 26, 5, 1, 19, 29],	C_j(s)=[  1  12  17  26  51 110 126 205 294 343 428],	c_s=70917
	M4 <- [6, 24, 31, 38, 33, 37, 8, 20, 32, 9],	C_j(s)=[  7  16  51  74 141 207 299 383 407 469],	c_s=67580

LB: 277889.0000000008
GAP: 0.0
NBEB: 0

Heuristic processing time: 0 min 22 s
Total time elapsed: 0 min 24 s

--------------------------------------------------
machine: 4
jobs: 40
w: [16 16 20 11 10 15 20 11 19 16 17 10 19 16 16 11 12 10 13 13 17 17 16 13
 18 18 20 16 18 17 12 13 19 20 13 15 15 19 20 11]
p: [19 10 19 16 11 18 20 11 17 13 15 11 20 14 13 18 11 12 15 20 12 19 13 12
 15 14 13 17 18 13 16 16 15 12 13 11 14 16 20 17]
smith_order: [33  1 26 20 35 29 25 32  9 14 22 24 37 13 10  8 16 23 36  2 38  6 34 28
  7 12 27  4 11 21 18  0 17  5 31 30  3 19 39 15]
serial schedule cost - UB: 165149

	+++RESULTS+++
optimum total cost: 44862.0
processing time LB, Hmin: 134.75
processing time UB, Hmax: 164.75
selected schedule: [16, 17, 18, 19]
	M1 <- [20, 29, 24, 10, 36, 6, 11, 4, 0, 19],	C_j(s)=[ 12  25  40  55  69  89 100 111 130 150],	c_s=11239
	M2 <- [33, 25, 9, 13, 23, 34, 7, 27, 17, 30, 15],	C_j(s)=[ 12  26  39  53  65  78  89 106 118 134 152],	c_s=11174
	M3 <- [1, 35, 14, 37, 16, 38, 12, 18, 31, 3],	C_j(s)=[ 10  21  34  50  61  81 101 116 132 148],	c_s=11092
	M4 <- [26, 32, 22, 8, 2, 28, 21, 5, 39],	C_j(s)=[ 13  28  41  58  77  95 114 132 149],	c_s=11357

LB: 44862.000000000364
GAP: 0.0
NBEB: 0

Heuristic processing time: 0 min 11 s
Total time elapsed: 0 min 12 s

--------------------------------------------------
machine: 4
jobs: 40
w: [15 20 16 19 15 16 11 19 18 11 18 18 12 10 10 20 12 16 16 20 13 19 20 14
 20 19 14 17 11 10 10 12 12 16 19 18 20 10 18 10]
p: [14 19 14 18 10 13 17 16 17 12 11 13 15 16 11 12 14 16 16 10 12 11 15 14
 18 15 12 17 17 18 11 17 16 15 19 19 17 18 20 10]
smith_order: [19 21 15 10  4 11 22 25  5  7 36 26  2 24 20  0 33  8  3  1 23 27 34 39
 17 18 35  9 30 14 38 16 12 32 31  6 28 13 29 37]
serial schedule cost - UB: 158890

	+++RESULTS+++
optimum total cost: 43247.0
processing time LB, Hmin: 133.75
processing time UB, Hmax: 163.75
selected schedule: [16, 17, 18, 19]
	M1 <- [15, 25, 26, 24, 3, 18, 9, 30, 12, 28],	C_j(s)=[ 12  27  39  57  75  91 103 114 129 146],	c_s=10747
	M2 <- [10, 11, 7, 20, 1, 23, 35, 14, 32, 13],	C_j(s)=[ 11  24  40  52  71  85 104 115 131 147],	c_s=10740
	M3 <- [21, 22, 36, 0, 8, 39, 34, 16, 6, 37],	C_j(s)=[ 11  26  43  57  74  84 103 117 134 152],	c_s=10971
	M4 <- [19, 4, 5, 2, 33, 27, 17, 38, 31, 29],	C_j(s)=[ 10  20  33  47  62  79  95 115 132 150],	c_s=10789

LB: 43246.999999999935
GAP: 0.0
NBEB: 0

Heuristic processing time: 0 min 22 s
Total time elapsed: 0 min 23 s

--------------------------------------------------
machine: 4
jobs: 40
w: [ 46  79  29  40  22  77  96  97  24  86  79  70  91  82  94  28  91  86
  51  68  53  83  73  18  39  98  89  99  80  34  10  73  89  29  57 100
  14  50  96  28]
p: [ 9  2  2  6  5  1  7  8 10 10  2  9  2  1  6  1  7  6  2  4  3  5  6 10
  1 10  9  6  5  4  2  6  7  5  9  3  7  7  4  4]
smith_order: [13  5 12 10  1 24 35 15 18 38 20 19 21 27 28 14  2 17  6 16 32 31 22  7
 26 25  9 29 11 37 39  3 34 33  0 30  4  8 36 23]
serial schedule cost - UB: 174133

	+++RESULTS+++
optimum total cost: 48979.0
processing time LB, Hmin: 45.75
processing time UB, Hmax: 60.75
selected schedule: [16, 17, 18, 19]
	M1 <- [10, 24, 15, 20, 28, 6, 7, 29, 37, 0, 23],	C_j(s)=[ 2  3  4  7 12 19 27 31 38 47 57],	c_s=12303
	M2 <- [5, 35, 19, 14, 32, 26, 11, 33, 4],	C_j(s)=[ 1  4  8 14 21 30 39 44 49],	c_s=11960
	M3 <- [12, 38, 21, 2, 16, 31, 9, 3, 30, 8],	C_j(s)=[ 2  6 11 13 20 26 36 42 44 54],	c_s=12278
	M4 <- [13, 1, 18, 27, 17, 22, 25, 39, 34, 36],	C_j(s)=[ 1  3  5 11 17 23 33 37 46 53],	c_s=12438

LB: 48979.0
GAP: 0.0
NBEB: 0

Heuristic processing time: 0 min 21 s
Total time elapsed: 0 min 22 s

--------------------------------------------------
machine: 4
jobs: 40
w: [18 13 11 17 15 20 17 19 12 16 20 13 16 15 13 11 11 19 13 11 20 16 18 12
 10 10 15 11 12 15 18 12 15 14 18 11 20 19 16 16]
p: [13 11 19 14 17 11 18 11 15 20 20 18 15 20 10 11 18 12 19 11 20 18 13 15
 16 19 20 16 15 15 14 11 19 13 16 20 14 18 15 18]
smith_order: [ 5  7 17 36  0 22 14 30  3  1 34 31 33 12 38 37 20 10 15 19 29  6 21 39
  4  8 28 23  9 32 13 26 11 27 18 24 16  2 35 25]
serial schedule cost - UB: 160689

	+++RESULTS+++
optimum total cost: 43762.0
processing time LB, Hmin: 142.0
processing time UB, Hmax: 172.0
selected schedule: [16, 17, 18, 35]
	M1 <- [5, 0, 34, 37, 19, 21, 28, 26, 27, 2],	C_j(s)=[ 11  24  40  58  69  87 102 122 138 157],	c_s=10924
	M2 <- [36, 30, 31, 38, 29, 15, 4, 9, 11, 16],	C_j(s)=[ 14  28  39  54  69  80  97 117 135 153],	c_s=10796
	M3 <- [7, 22, 1, 33, 20, 6, 8, 32, 18, 35],	C_j(s)=[ 11  24  35  48  68  86 101 120 139 159],	c_s=11158
	M4 <- [17, 14, 3, 12, 10, 39, 23, 13, 24, 25],	C_j(s)=[ 12  22  36  51  71  89 104 124 140 159],	c_s=10884

LB: 43762.00000000006
GAP: 0.0
NBEB: 0

Heuristic processing time: 0 min 23 s
Total time elapsed: 0 min 25 s

--------------------------------------------------
machine: 4
jobs: 40
w: [10 18 19 18 12 17 10 10 13 15 15 18 17 11 19 18 15 19 11 13 10 15 19 16
 18 12 14 13 16 12 15 20 11 11 15 11 15 18 15 20]
p: [11 15 12 17 13 17 11 13 19 13 12 13 20 18 18 19 15 10 15 17 13 16 15 19
 10 17 18 15 19 10 14 18 16 11 18 20 14 16 20 20]
smith_order: [17 24  2 11 22 10  1 29  9 37 31 36 30  3 14 39  5 16 33 15 21  4  6  0
 27 12 23 28 34 26 20  7 19 38 18 25 32  8 13 35]
serial schedule cost - UB: 161292

	+++RESULTS+++
optimum total cost: 43865.0
processing time LB, Hmin: 139.25
processing time UB, Hmax: 169.25
selected schedule: [20, 21, 22, 23]
	M1 <- [11, 1, 36, 14, 33, 4, 12, 26, 18, 32],	C_j(s)=[ 13  28  42  60  71  84 104 122 137 153],	c_s=10963
	M2 <- [17, 22, 31, 16, 15, 0, 28, 7, 25, 35],	C_j(s)=[ 10  25  43  58  77  88 107 120 137 157],	c_s=10944
	M3 <- [24, 10, 9, 30, 39, 21, 23, 20, 38, 13],	C_j(s)=[ 10  22  35  49  69  85 104 117 137 155],	c_s=11019
	M4 <- [2, 29, 37, 3, 5, 6, 27, 34, 19, 8],	C_j(s)=[ 12  22  38  55  72  83  98 116 133 152],	c_s=10939

LB: 43865.00000000002
GAP: 0.0
NBEB: 0

Heuristic processing time: 0 min 23 s
Total time elapsed: 0 min 23 s

--------------------------------------------------
machine: 4
jobs: 40
w: [19 19 14 20 10 18 14 15 14 10 16 13 16 14 10 20 18 17 15 19 12 13 17 11
 11 16 16 14 18 13 17 17 20 10 19 20 17 13 16 14]
p: [17 17 13 11 12 20 10 10 10 17 11 19 18 20 10 14 11 12 15 10 20 15 17 11
 20 11 18 14 15 16 16 15 17 19 20 16 13 16 13 15]
smith_order: [19  3 16  7 25 10 15 17  8  6 36 35 38 28 32 31  1  0  2 30 27 22 18 23
 14 34 39  5 12 26 21  4 29 37 13 11 20  9 24 33]
serial schedule cost - UB: 155936

	+++RESULTS+++
optimum total cost: 42480.0
processing time LB, Hmin: 133.5
processing time UB, Hmax: 163.5
selected schedule: [9, 13, 14, 23]
	M1 <- [3, 17, 36, 32, 2, 23, 34, 21, 37, 24],	C_j(s)=[ 11  23  36  53  66  77  97 112 128 148],	c_s=10645
	M2 <- [19, 25, 8, 38, 1, 27, 18, 26, 29, 20],	C_j(s)=[ 10  21  31  44  61  75  90 108 124 144],	c_s=10291
	M3 <- [7, 10, 6, 28, 0, 22, 39, 12, 13, 9],	C_j(s)=[ 10  21  31  46  63  80  95 113 133 150],	c_s=10805
	M4 <- [16, 15, 35, 31, 30, 14, 5, 4, 11, 33],	C_j(s)=[ 11  25  41  56  72  82 102 114 133 152],	c_s=10739

LB: 42480.0
GAP: 0.0
NBEB: 0

Heuristic processing time: 0 min 11 s
Total time elapsed: 0 min 12 s

--------------------------------------------------
machine: 4
jobs: 40
w: [20 78 56 58 82 39 20 25 60 73 53 63 79 72 50 66 47 47 87 16  3 43 70 66
 27 81 62 22 26 82 67  4 87  9 69 94  6 72 94 13]
p: [ 67  26  36  46  51  61  58  73  28  95  13  26  35  13  46  91  32  84
  93  78  36  92  82  75  22  56  35  94  80 100  35  94  50  40  23  84
  26  81  42  75]
smith_order: [13 10 34  1 11 12 38  8 30 26 32  4  2 16 25  3 24 35 14 18 37 23 22 29
  9 15  5 17 21  6  7 28  0 27 36 33 19 39 20 31]
serial schedule cost - UB: 1408233

	+++RESULTS+++
optimum total cost: 398131.0
processing time LB, Hmin: 493.5
processing time UB, Hmax: 643.5
selected schedule: [0, 1, 2, 3]
	M1 <- [1, 38, 4, 35, 29, 17, 28, 33, 31],	C_j(s)=[ 26  68 119 203 303 387 467 507 601],	c_s=99404
	M2 <- [13, 11, 30, 2, 3, 23, 22, 5, 7, 36, 19],	C_j(s)=[ 13  39  74 110 156 231 313 374 447 473 551],	c_s=98130
	M3 <- [34, 8, 26, 16, 24, 14, 37, 15, 6, 0, 39],	C_j(s)=[ 23  51  86 118 140 186 267 358 416 483 558],	c_s=96691
	M4 <- [10, 12, 32, 25, 18, 9, 21, 27, 20],	C_j(s)=[ 13  48  98 154 247 342 434 528 564],	c_s=103906

LB: 398130.99999999575
GAP: 0.0
NBEB: 0

Heuristic processing time: 0 min 14 s
Total time elapsed: 0 min 18 s

--------------------------------------------------
machine: 4
jobs: 40
w: [11 19 18 18 19 15 18 11 13 18 14 13 11 17 20 12 20 18 17 13 20 14 20 10
 19 15 12 16 17 16 15 19 17 17 13 14 12 19 11 14]
p: [11 16 16 18 17 15 15 18 11 10 18 18 19 18 19 18 16 11 14 20 11 12 12 15
 19 19 20 15 17 15 19 12 14 12 10 15 16 10 16 18]
smith_order: [37 20  9 22 17 31 33 34 16 32 18  6  1  8 21  2  4 27 29 14  5  0  3 24
 28 13 35 30 25 39 10 36 11 38 15 23 19  7 26 12]
serial schedule cost - UB: 162904

	+++RESULTS+++
optimum total cost: 44367.0
processing time LB, Hmin: 138.75
processing time UB, Hmax: 168.75
selected schedule: [32, 33, 34, 35]
	M1 <- [9, 31, 32, 1, 29, 24, 30, 36, 23, 7],	C_j(s)=[ 10  22  36  52  67  86 105 121 136 154],	c_s=10985
	M2 <- [37, 17, 16, 21, 27, 28, 5, 39, 11, 19],	C_j(s)=[ 10  21  37  49  64  81  96 114 132 152],	c_s=11123
	M3 <- [20, 33, 6, 2, 14, 0, 35, 25, 38, 26],	C_j(s)=[ 11  23  38  54  73  84  99 118 134 154],	c_s=11129
	M4 <- [22, 34, 18, 8, 4, 3, 13, 10, 15, 12],	C_j(s)=[ 12  22  36  47  64  82 100 118 136 155],	c_s=11130

LB: 44367.0
GAP: 0.0
NBEB: 0

Heuristic processing time: 0 min 11 s
Total time elapsed: 0 min 11 s

--------------------------------------------------
machine: 4
jobs: 40
w: [26 77 30 52 51 65 68 90 24 60 65 27 46 83 79 15 82 58 12 48 40 45 87 77
 65 63 11 45 46 45 85 57 68 86 20 26 54 73 47 42]
p: [ 1  3  1  7  9  4  8  7  5  1 10  7  8  9  5  2 10  4 10  7  4  1  7  3
  3  1  4  1  4  9  9  8  7  9  8 10  7  2  4  2]
smith_order: [25  9 27 21 37  2  0  1 23 24 39  5 14 17  7 22 38 28 20 32 33 30 13  6
 16 36 15  3 31 19 10 12  4 29  8 11 26 35 34 18]
serial schedule cost - UB: 153173

	+++RESULTS+++
optimum total cost: 43073.0
processing time LB, Hmin: 47.75
processing time UB, Hmax: 62.75
selected schedule: [12, 13, 14, 23]
	M1 <- [21, 37, 39, 17, 38, 20, 13, 15, 31, 4, 35],	C_j(s)=[ 1  3  5  9 13 17 26 28 36 45 55],	c_s=10642
	M2 <- [9, 2, 0, 24, 7, 33, 16, 10, 11, 26],	C_j(s)=[ 1  2  3  6 13 22 32 42 49 53],	c_s=10910
	M3 <- [27, 1, 14, 28, 32, 6, 3, 12, 8, 18],	C_j(s)=[ 1  4  9 13 20 28 35 43 48 58],	c_s=10572
	M4 <- [25, 23, 5, 22, 30, 36, 19, 29, 34],	C_j(s)=[ 1  4  8 15 24 31 38 47 55],	c_s=10949

LB: 43072.999999999825
GAP: 0.0
NBEB: 0

Heuristic processing time: 0 min 11 s
Total time elapsed: 0 min 12 s

--------------------------------------------------
machine: 4
jobs: 40
w: [76 67 64 79 41 52 32 19 34 13 71 78 64 79 14 32 25 49 33 98 35 58 68 25
 40 17 14 84 78 39 44 56 55 89 36 93 93 22 55 92]
p: [10 10  3  2 10  9  9  8  8  9  4  6  8 10  4  6 10  7  9  2  8  2  7  9
  2  4  5  3  4  3  3  4  3  7  8  6  8  3  1  4]
smith_order: [38 19  3 21 27 39  2 24 28 32 10 35 30 31 29 11 33 36 22 12 13  0 37 17
  1  5 15 34 20  8 25  4 18  6 14 26 23 16  7  9]
serial schedule cost - UB: 149860

	+++RESULTS+++
optimum total cost: 42211.0
processing time LB, Hmin: 52.0
processing time UB, Hmax: 67.0
selected schedule: [20, 21, 23, 31]
	M1 <- [3, 39, 35, 36, 0, 15, 8, 14, 26, 9],	C_j(s)=[ 2  6 12 20 30 36 44 48 53 62],	c_s=10834
	M2 <- [27, 2, 10, 11, 12, 17, 34, 4, 23],	C_j(s)=[ 3  6 10 16 24 31 39 49 58],	c_s=10512
	M3 <- [38, 21, 28, 30, 33, 13, 5, 25, 18, 16],	C_j(s)=[ 1  3  7 10 17 27 36 40 49 59],	c_s=10505
	M4 <- [19, 24, 32, 31, 29, 22, 37, 1, 20, 6, 7],	C_j(s)=[ 2  4  7 11 14 21 24 34 42 51 59],	c_s=10360

LB: 42211.0
GAP: 0.0
NBEB: 0

Heuristic processing time: 0 min 11 s
Total time elapsed: 0 min 12 s

--------------------------------------------------
machine: 4
jobs: 40
w: [ 7 33 54 65 48  4 34  2 58 83 40 48 31 75 34 73  4 97 73 67 66 96  1 54
 46 68 82  9 19 77 49 50 93 84 26 66 85 34 74 54]
p: [38  6 20 84 17 70 30 39 65 79 63 49 33 34 10  9 11 88 26 62 28 74 69 81
 93 52 60 59 29  1 28 50 24 20 56 94 90 35 83 48]
smith_order: [29 15  1 33 32 14  4 18  2 20 13 30 26 25 21  6 39 17 19  9 31 11 37 36
 12  8 38  3 35 23 28 10 24 34 16  0 27  5  7 22]
serial schedule cost - UB: 1196925

	+++RESULTS+++
optimum total cost: 339873.0
processing time LB, Hmin: 406.25
processing time UB, Hmax: 547.25
selected schedule: [17, 18, 19, 29]
	M1 <- [15, 4, 20, 21, 9, 12, 3, 24, 5],	C_j(s)=[  9  26  54 128 207 240 324 417 487],	c_s=84568
	M2 <- [1, 14, 18, 26, 17, 37, 8, 23, 34, 7],	C_j(s)=[  6  16  42 102 190 225 290 371 427 466],	c_s=87140
	M3 <- [29, 32, 13, 25, 19, 11, 38, 28, 10, 27],	C_j(s)=[  1  25  59 111 173 222 305 334 397 456],	c_s=85522
	M4 <- [33, 2, 30, 6, 39, 31, 36, 35, 16, 0, 22],	C_j(s)=[ 20  40  68  98 146 196 286 380 391 429 498],	c_s=82643

LB: 339873.0
GAP: 0.0
NBEB: 0

Heuristic processing time: 0 min 12 s
Total time elapsed: 0 min 15 s

--------------------------------------------------
machine: 4
jobs: 40
w: [67 98 43 65 40 81 76 60 22 62 60 11 98 87 66 16 57 55 59 57 25 51 98 80
 16 79 33 35 34 45 16 91 84 72 84 22 82 64 51 60]
p: [ 7  8  8  4  3  8 10  1  1  7  5 10  4 10  1 10  3  9  8  2  5  4  5  7
  5  6  3  6  2  3  9  4  3  4  5  8  1 10 10  6]
smith_order: [36 14  7 19 32 12 31  8 22 16 33 28 34  3 29  4 25 21  1 10 23 26  5 39
  0  9 13  6 18 37 17 27  2 38 20 24 35 30 15 11]
serial schedule cost - UB: 161041

	+++RESULTS+++
optimum total cost: 45246.0
processing time LB, Hmin: 48.75
processing time UB, Hmax: 63.75
selected schedule: [15, 28, 29, 30]
	M1 <- [7, 31, 34, 25, 26, 5, 18, 27, 20, 35],	C_j(s)=[ 1  5 10 16 19 27 35 41 46 54],	c_s=11271
	M2 <- [19, 8, 22, 28, 4, 10, 39, 13, 17, 24, 11],	C_j(s)=[ 2  3  8 10 13 18 24 34 43 48 58],	c_s=11073
	M3 <- [14, 32, 16, 3, 21, 23, 9, 37, 2, 15],	C_j(s)=[ 1  4  7 11 15 22 29 39 47 57],	c_s=11268
	M4 <- [36, 12, 33, 29, 1, 0, 6, 38, 30],	C_j(s)=[ 1  5  9 12 20 27 37 47 56],	c_s=11634

LB: 45246.0
GAP: 0.0
NBEB: 0

Heuristic processing time: 0 min 11 s
Total time elapsed: 0 min 11 s

--------------------------------------------------
machine: 4
jobs: 40
w: [73 20 68 92 61 41 64 80 43 48 46 25 74 31 85 39 83 10 23 27 86 38 66 64
 21 32 36 42 72 51 52 19 40 95 82 16 77 57 84 71]
p: [ 8  3  5  5  2  5  8  4  3  8 10  5  4  9  9  5  5  7  5  3  8 10  8  7
  5  7  5  1  4  3  3  8  7  1  2 10  8  4  7  2]
smith_order: [33 27 34 39  4  7 12  3 28 30 29 16  8 37  2 38 20 36 14 23  0 19 22  5
  6 15 26  1  9 32 11 10 18 25 24 21 13 31 35 17]
serial schedule cost - UB: 149391

	+++RESULTS+++
optimum total cost: 41867.0
processing time LB, Hmin: 48.25
processing time UB, Hmax: 63.25
selected schedule: [5, 7, 8, 10]
	M1 <- [39, 12, 16, 20, 23, 15, 9, 25, 31],	C_j(s)=[ 2  6 11 19 26 31 39 46 54],	c_s=10376
	M2 <- [34, 3, 8, 38, 0, 6, 32, 21, 17],	C_j(s)=[ 2  7 10 17 25 33 40 50 57],	c_s=10673
	M3 <- [27, 4, 30, 29, 37, 36, 19, 5, 26, 11, 18, 13],	C_j(s)=[ 1  3  6  9 13 21 24 29 34 39 44 53],	c_s=10045
	M4 <- [33, 7, 28, 2, 14, 22, 1, 10, 24, 35],	C_j(s)=[ 1  5  9 14 23 31 34 44 49 59],	c_s=10773

LB: 41867.0
GAP: 0.0
NBEB: 0

Heuristic processing time: 0 min 12 s
Total time elapsed: 0 min 13 s

--------------------------------------------------
machine: 4
jobs: 40
w: [54 37 95 79 10 80 48 60  5 48 32 16 88 83 16 25 23 50 55 28 93 21 50 72
 15 30 82 32 77 78 18 37 60 22 96 61 74 27 44 57]
p: [63 92 67 68 23 36 33 21 25 55 93  8 58 41 39 36 99 33 42 31 36 71 42 89
 29 20  8 61  7 83 88 80 95 52 12 13 56 43 39 41]
smith_order: [28 26 34 35  7 20  5 13 11 12 17 25  6  2 39 36 18 22  3 38 29 19  9  0
 23 15 32 37 27 24 31  4 33 14  1 10 21 16 30  8]
serial schedule cost - UB: 1121866

	+++RESULTS+++
optimum total cost: 317447.0
processing time LB, Hmin: 407.75
processing time UB, Hmax: 556.25
selected schedule: [3, 4, 21, 23]
	M1 <- [26, 20, 25, 6, 18, 38, 9, 32, 1, 30],	C_j(s)=[  8  44  64  97 139 178 233 328 420 508],	c_s=82349
	M2 <- [35, 13, 2, 22, 19, 23, 24, 4, 14, 10],	C_j(s)=[ 13  54 121 163 194 283 312 335 374 467],	c_s=79686
	M3 <- [28, 7, 11, 12, 36, 29, 15, 27, 33, 16],	C_j(s)=[  7  28  36  94 150 233 269 330 382 481],	c_s=77093
	M4 <- [34, 5, 17, 39, 3, 0, 37, 31, 21, 8],	C_j(s)=[ 12  48  81 122 190 253 296 376 447 472],	c_s=78319

LB: 317447.0
GAP: 0.0
NBEB: 0

Heuristic processing time: 0 min 13 s
Total time elapsed: 0 min 16 s

--------------------------------------------------
machine: 4
jobs: 40
w: [ 97   4  77  91   7  30  17  39  97  12  16  44  57  39  49  51  65   7
  78  33  48  34  26  26  14  35  57  94   5  33  15  35  68  47  77  61
  21  74  19 100]
p: [11 20  7 81 85 18 82 26 62 54 12 34 49 19 30 58 42 83 30  3  7 64 83 35
 39 61 19 45 19 37  8 28 29 67 24 74 77  3 95 62]
smith_order: [37 19  2  0 20 34 26 18 32 27 13 30  5 14 39  8 16  7 10 11 31 12  3 29
 15 35 23 33 25 21 24 22 36 28  9  6 38  1 17  4]
serial schedule cost - UB: 749300

	+++RESULTS+++
optimum total cost: 215936.0
processing time LB, Hmin: 349.25
processing time UB, Hmax: 491.75
selected schedule: [0, 1, 2, 3]
	M1 <- [2, 26, 27, 14, 7, 31, 29, 23, 21, 28, 9, 17],	C_j(s)=[  7  26  71 101 127 155 192 227 291 310 364 447],	c_s=55201
	M2 <- [19, 20, 18, 30, 39, 11, 15, 25, 24, 38],	C_j(s)=[  3  10  40  48 110 144 202 263 302 397],	c_s=53033
	M3 <- [37, 34, 13, 5, 16, 10, 12, 35, 22, 6],	C_j(s)=[  3  27  46  64 106 118 167 241 324 406],	c_s=54339
	M4 <- [0, 32, 8, 3, 33, 36, 1, 4],	C_j(s)=[ 11  40 102 183 250 327 347 432],	c_s=53363

LB: 215936.0
GAP: 0.0
NBEB: 0

Heuristic processing time: 0 min 12 s
Total time elapsed: 0 min 14 s

--------------------------------------------------
machine: 4
jobs: 40
w: [36 39 89 14 68  3 65 51 10 18 37 73 97 82 21 20 97 69 76 80 51 51  8 95
 20 80 66 98 70 90 35 74 27 34 44 21 26 25 44 27]
p: [19 14 66 37  6 90 94 76  7  4 89  6 66 27 83 59 13 16 71  9 81 79 49 66
 23  1 97  4 49 85 66 11 11 58 95  1 20  7 61 84]
smith_order: [25 27 35 11  4 19 16 31  9 17 37 13  1 32  0 12 23 28  8  2 36 18 29 24
 38  6 26  7 21 20 33 30 34 10  3 15 39 14 22  5]
serial schedule cost - UB: 891754

	+++RESULTS+++
optimum total cost: 258721.0
processing time LB, Hmin: 377.25
processing time UB, Hmax: 522.75
selected schedule: [36, 37, 38, 39]
	M1 <- [27, 16, 1, 0, 8, 2, 24, 6, 20, 3, 15],	C_j(s)=[  4  17  31  50  57 123 146 240 321 358 417],	c_s=64810
	M2 <- [35, 4, 9, 17, 12, 18, 26, 34, 14],	C_j(s)=[  1   7  11  27  93 164 261 356 439],	c_s=66152
	M3 <- [25, 19, 13, 28, 29, 7, 33, 10, 22],	C_j(s)=[  1  10  37  86 171 247 305 394 443],	c_s=66413
	M4 <- [11, 31, 37, 32, 23, 36, 38, 21, 30, 39, 5],	C_j(s)=[  6  17  24  35 101 121 182 261 327 411 501],	c_s=61346

LB: 258721.00000000003
GAP: 0.0
NBEB: 0

Heuristic processing time: 0 min 12 s
Total time elapsed: 0 min 15 s

--------------------------------------------------