
machine: 4
jobs: 50
w: [12 12 18 15 12 12 11 14 14 19 20 13 19 17 15 18 16 12 10 17 15 12 13 12
 16 20 15 18 20 16 12 19 15 19 17 20 15 13 12 14 12 20 15 12 19 14 18 13
 18 16]
p: [15 18 17 14 15 11 19 11 18 10 16 13 16 11 12 11 15 19 13 11 16 14 15 20
 15 19 15 18 16 10 10 18 18 16 14 14 15 14 19 12 16 15 18 18 13 19 16 14
 14 17]
smith_order: [ 9 15 29 13 19 44 35 41 48  7 28 10 14 34 30 33 12 39 46  5  3 24 16  2
 31 25 27 26 36 11 49 20 47 37 22 21 32 42  0  4  8 18 40 45 43  1 17 38
 23  6]
serial schedule cost - UB: 249353

	+++RESULTS+++
optimum total cost: 66717.0
processing time LB, Hmin: 173.25
processing time UB, Hmax: 203.25
selected schedule: [4, 5, 6, 7]
	M1 <- [15, 35, 28, 33, 3, 16, 26, 49, 32, 4, 43, 38],	C_j(s)=[ 11  25  41  57  71  86 101 118 136 151 169 188],	c_s=16581
	M2 <- [29, 44, 7, 14, 12, 5, 31, 36, 47, 21, 0, 45, 17],	C_j(s)=[ 10  23  34  46  62  73  91 106 120 134 149 168 187],	c_s=16688
	M3 <- [9, 19, 48, 34, 39, 24, 25, 11, 37, 42, 18, 1, 6],	C_j(s)=[ 10  21  35  49  61  76  95 108 122 140 153 171 190],	c_s=16742
	M4 <- [13, 41, 10, 30, 46, 2, 27, 20, 22, 8, 40, 23],	C_j(s)=[ 11  26  42  52  68  85 103 119 134 152 168 188],	c_s=16706

LB: 66717.00000000038
GAP: 0.0
NBEB: 0

Heuristic processing time: 0 min 35 s
Total time elapsed: 0 min 36 s

--------------------------------------------------
machine: 4
jobs: 50
w: [10 15 18 10 15 13 19 14 18 19 13 15 13 12 12 20 20 18 18 11 11 10 18 16
 13 17 20 12 14 15 10 13 19 20 13 13 14 17 12 13 12 20 19 14 14 13 19 13
 19 16]
p: [20 13 16 18 16 20 19 12 13 17 16 14 20 17 10 17 10 18 13 17 15 12 20 19
 19 14 17 17 12 13 13 18 17 18 16 19 18 14 13 18 20 16 11 16 10 10 12 13
 16 19]
smith_order: [16 42 46 44  8 18 45 41 37 25 14 48 15 26  7 28 29  1  2  9 32 33 11  6
 47 17  4 38 22 43 49 23 21 34 10 36 30 20 39 31 27 13 24 35 12  5 19 40
  3  0]
serial schedule cost - UB: 250875

	+++RESULTS+++
optimum total cost: 67198.0
processing time LB, Hmin: 180.25
processing time UB, Hmax: 210.25
selected schedule: [0, 1, 2, 3]
	M1 <- [46, 41, 48, 28, 2, 6, 38, 49, 36, 27, 12, 0],	C_j(s)=[ 12  28  44  56  72  91 104 123 141 158 178 198],	c_s=16813
	M2 <- [42, 45, 37, 7, 29, 33, 17, 43, 21, 30, 31, 35, 40],	C_j(s)=[ 11  21  35  47  60  78  96 112 124 137 155 174 194],	c_s=16706
	M3 <- [44, 8, 25, 15, 9, 11, 4, 23, 10, 39, 24, 5],	C_j(s)=[ 10  23  37  54  71  85 101 120 136 154 173 193],	c_s=16850
	M4 <- [16, 18, 14, 26, 1, 32, 47, 22, 34, 20, 13, 19, 3],	C_j(s)=[ 10  23  33  50  63  80  93 113 129 144 161 178 196],	c_s=16829

LB: 67197.99999999993
GAP: 0.0
NBEB: 0

Heuristic processing time: 0 min 34 s
Total time elapsed: 0 min 36 s

--------------------------------------------------
machine: 4
jobs: 50
w: [81 59 10 57 24 32 74 15 43 53 74 76 17 68 50 77 88 42 69 71 53 74 24 72
 57 69 37 47 74 38 84 40 83 63 22 12 83 51 95 34 42 14 19 82 38 27 69 40
 74 87]
p: [10 10  8  6  8  3 10  7  3  3  7 10  5  1  1  2  5  2  1  5  3  1  7  7
 10  4  1  1  1  8  3  1  9 10  1 10  3  8  7  9  8  4  8  9  3  6  8  2
  2  3]
smith_order: [21 28 18 13 14 27 31 15 48 26 49 30 36 34 17 47  9 20 16 25  8 19 38 44
  5 10 23  3 32 43 46  0 11  6 37 33  1 24 40 29 45 39 41 22 12  4 42  7
  2 35]
serial schedule cost - UB: 198714

	+++RESULTS+++
optimum total cost: 55151.0
processing time LB, Hmin: 58.5
processing time UB, Hmax: 73.5
selected schedule: [16, 17, 18, 19]
	M1 <- [13, 27, 26, 30, 9, 8, 10, 43, 6, 24, 41, 12, 7],	C_j(s)=[ 1  2  3  6  9 12 19 28 38 48 52 57 64],	c_s=13677
	M2 <- [21, 14, 48, 34, 17, 20, 38, 3, 46, 37, 40, 39, 42],	C_j(s)=[ 1  2  4  5  7 10 17 23 31 39 47 56 64],	c_s=13552
	M3 <- [28, 15, 36, 16, 19, 23, 0, 33, 29, 22, 35],	C_j(s)=[ 1  3  6 11 16 23 33 43 51 58 68],	c_s=14091
	M4 <- [18, 31, 49, 47, 25, 44, 5, 32, 11, 1, 45, 4, 2],	C_j(s)=[ 1  2  5  7 11 14 17 26 36 46 52 60 68],	c_s=13831

LB: 55151.0
GAP: 0.0
NBEB: 0

Heuristic processing time: 0 min 36 s
Total time elapsed: 0 min 37 s

--------------------------------------------------
machine: 4
jobs: 50
w: [28 71 41 23 69 82 73 81 98 17 57 58 30 46 47 65 29 32 39 42 43 21 28 53
 22 44 56 25 70 71 52 67 57 75 47 62 96 58 89 36 23 77 63 74 34 95 89 87
 31 55]
p: [ 3  5  6 10  5  1  4  7 10  1 10  5  8  2  3  9  4  5  2  3  2  4  5  4
  3  1  7  3  1  7  1 10  5  1  1  2  3 10  3  5  1  8  3  4  9  1  9  6
  8  7]
smith_order: [45  5 33 28 30 34 25 36 35 38 13 40 20 42 18 43  6  9 14 47  1 19  4 23
 11  7 32 29 46  8 41  0 27 26 49 24 16 15 39  2 31 17 37 10 22 21 48 44
 12  3]
serial schedule cost - UB: 202344

	+++RESULTS+++
optimum total cost: 55735.0
processing time LB, Hmin: 51.75
processing time UB, Hmax: 66.75
selected schedule: [16, 17, 18, 19]
	M1 <- [28, 30, 35, 40, 18, 9, 47, 11, 46, 49, 39, 17, 22, 48],	C_j(s)=[ 1  2  4  5  7  8 14 19 28 35 40 45 50 58],	c_s=13761
	M2 <- [5, 34, 38, 43, 1, 7, 41, 27, 16, 31, 21, 44],	C_j(s)=[ 1  2  5  9 14 21 29 32 36 46 50 59],	c_s=14197
	M3 <- [45, 25, 13, 20, 6, 19, 23, 29, 0, 26, 2, 37, 12],	C_j(s)=[ 1  2  4  6 10 13 17 24 27 34 40 50 58],	c_s=13446
	M4 <- [33, 36, 42, 14, 4, 32, 8, 24, 15, 10, 3],	C_j(s)=[ 1  4  7 10 15 20 30 33 42 52 62],	c_s=14331

LB: 55735.0
GAP: 0.0
NBEB: 0

Heuristic processing time: 0 min 35 s
Total time elapsed: 0 min 36 s

--------------------------------------------------
machine: 4
jobs: 50
w: [25 95 47 69 58 59 50 70 65 86 80 34 89 32 44 53 64 13 19 56 58 92 72 76
 48 47 91  1 43 10 93 68 34 57 79 30 52 98 45 78 58 71 85  4 78 64  7 59
 64  8]
p: [ 10  35  86  18  16  26  29  37  58  80  98  13  58  38  24 100  65  33
  33  40  67  48  76  63  29  51  28  48  47  54  54  55  88  21  82  92
  54  21  57  61  34  50  98  13  92  35  14  49  46   7]
smith_order: [37  3  4 26 33  1 11  0  5 21  7 14 45  6 30 40 24 12 41 19 48 39 31 23
 47 49  8  9 16 34 36 22 25 28 42 20 44 13 10 38 18  2 15 46 17 32 35 43
 29 27]
serial schedule cost - UB: 2341593

	+++RESULTS+++
optimum total cost: 641757.0
processing time LB, Hmin: 532.75
processing time UB, Hmax: 682.75
selected schedule: [32, 33, 34, 35]
	M1 <- [37, 11, 0, 7, 30, 48, 47, 49, 16, 22, 10, 18, 35],	C_j(s)=[ 21  34  44  81 135 181 230 237 302 378 476 509 601],	c_s=161914
	M2 <- [26, 21, 14, 12, 39, 9, 25, 20, 13, 2, 17, 27],	C_j(s)=[ 28  76 100 158 219 299 350 417 455 541 574 622],	c_s=159505
	M3 <- [3, 1, 45, 40, 19, 31, 8, 36, 42, 38, 46, 32],	C_j(s)=[ 18  53  88 122 162 217 275 329 427 484 498 586],	c_s=159281
	M4 <- [4, 33, 5, 6, 24, 41, 23, 34, 28, 44, 15, 43, 29],	C_j(s)=[ 16  37  63  92 121 171 234 316 363 455 555 568 622],	c_s=161057

LB: 641757.0000000003
GAP: 0.0
NBEB: 0

Heuristic processing time: 0 min 36 s
Total time elapsed: 0 min 43 s

--------------------------------------------------
machine: 4
jobs: 50
w: [59 61 79 68 93 53 51 33 68 80 18 75 11 87 79 74 85 18 48 72 97 14  7 67
 20  5  4 50 68 61 38 85 81 50  5 62 48 16 23 87 48 53 15 93 30 67 92  4
 57 29]
p: [17 53 13 88 71 72 23 95 10 20 81 91 43 40 86  8 17 21 87 94 17 87 53 43
 33 81 19 57 41 95 59 43 26 23 54 94 17 12 29 22 72  2 20 54  2 97 64 71
 63 45]
smith_order: [41 44 15  8  2 20 16  9 39  0 32 36  6 13 33 31 43 28 23 46 37  4  1 14
 48 27 17 11 38  3 19 42  5 45 40 35 49 30 29 24 18  7 12 10 26 21 22 34
 25 47]
serial schedule cost - UB: 1661621

	+++RESULTS+++
optimum total cost: 464130.0
processing time LB, Hmin: 533.5
processing time UB, Hmax: 679.0
selected schedule: [12, 13, 14, 15]
	M1 <- [8, 9, 36, 31, 46, 48, 17, 3, 35, 49, 10, 25],	C_j(s)=[ 10  30  47  90 154 217 238 326 420 465 546 627],	c_s=118463
	M2 <- [41, 2, 39, 13, 28, 1, 27, 19, 40, 18, 26, 21],	C_j(s)=[  2  15  37  77 118 171 228 322 394 481 500 587],	c_s=116466
	M3 <- [44, 20, 0, 6, 33, 23, 37, 14, 38, 42, 45, 30, 7, 34],	C_j(s)=[  2  19  36  59  82 125 137 223 252 272 369 428 523 577],	c_s=110327
	M4 <- [15, 16, 32, 43, 4, 11, 5, 29, 24, 12, 22, 47],	C_j(s)=[  8  25  51 105 176 267 339 434 467 510 563 634],	c_s=118874

LB: 464130.0
GAP: 0.0
NBEB: 0

Heuristic processing time: 0 min 35 s
Total time elapsed: 0 min 41 s

--------------------------------------------------
machine: 4
jobs: 50
w: [ 39  76  30  96  90  79  90  16  28  96  26 100  37  63  64  10   3   9
  60  24  46  15  49  79  58  37   4  30  33  80  89  22  88  31  26  47
  20  93  72  75  35  10  35  29  48  38  32  35  48  60]
p: [ 5 37 36 35 85 23 28 97 98 79 51 54 98 27 57 77 67 54 60 96 89 27 99 82
 88 72 66 80 96 82 65 12 56 59 15 68 43 22 89 15 51 54 30 47 62 19 83 72
 12 83]
smith_order: [ 0 39 37 48  5  6  3 13  1 45 11 31 34 32 30  9 42 14  4 18 29 23  2 38
 44 49 35 40 24 43 21 33 20 25 10 22 47 36 46 12 27 28  8 19 41 17  7 15
 26 16]
serial schedule cost - UB: 1971946

	+++RESULTS+++
optimum total cost: 546240.0
processing time LB, Hmin: 651.25
processing time UB, Hmax: 799.75
selected schedule: [12, 13, 14, 15]
	M1 <- [37, 13, 31, 32, 14, 23, 35, 43, 25, 36, 27, 19, 26],	C_j(s)=[ 22  49  61 117 174 256 324 371 443 486 566 662 728],	c_s=136009
	M2 <- [0, 5, 1, 34, 9, 29, 49, 21, 20, 47, 28, 7],	C_j(s)=[  5  28  65  80 159 241 324 351 440 512 608 705],	c_s=138180
	M3 <- [48, 6, 11, 42, 4, 38, 24, 22, 12, 41, 15],	C_j(s)=[ 12  40  94 124 209 298 386 485 583 637 714],	c_s=139416
	M4 <- [39, 3, 45, 30, 18, 2, 44, 40, 33, 10, 46, 8, 17, 16],	C_j(s)=[ 15  50  69 134 194 230 292 343 402 453 536 634 688 755],	c_s=132635

LB: 546240.0
GAP: 0.0
NBEB: 0

Heuristic processing time: 0 min 35 s
Total time elapsed: 0 min 41 s

--------------------------------------------------
machine: 4
jobs: 50
w: [ 41  40  47  46  23  73  71  37  28  88  26  11  98  58  12  15 100  61
  88  73  18  67  59  14  58  29  78  30  11  32  23  47  27  26  60  68
  76  22  88  53  29  24  44  95  59  72  16  51  19  61]
p: [ 1  7  5  8  3  9  1  2  8  5  5  9  9  5  6  9  3  1  8  3  5  9  2  9
  4  5  5  5  8  7  7  1  1  9  5  3  4  9  2  3  1  8  3 10 10  7  6  9
  1  5]
smith_order: [ 6 17 31 38  0 16 22 40 32 19 35 36 48  7 39  9 26 42 24 49 34 13 18 12
 45 43  2  5  4 21 27 44 25  3  1 47 10 29 20  8 30 41 33 46 37 14 15 23
 28 11]
serial schedule cost - UB: 178709

	+++RESULTS+++
optimum total cost: 49591.0
processing time LB, Hmin: 60.0
processing time UB, Hmax: 75.0
selected schedule: [16, 17, 18, 19]
	M1 <- [31, 0, 40, 19, 39, 24, 12, 5, 25, 1, 8, 37, 28],	C_j(s)=[ 1  2  3  6  9 13 22 31 36 43 51 60 68],	c_s=12564
	M2 <- [17, 22, 35, 9, 34, 45, 21, 3, 10, 30, 46, 23],	C_j(s)=[ 1  3  6 11 16 23 32 40 45 52 58 67],	c_s=12446
	M3 <- [38, 32, 36, 26, 13, 43, 4, 44, 29, 41, 14, 11],	C_j(s)=[ 2  3  7 12 17 27 30 40 47 55 61 70],	c_s=12652
	M4 <- [6, 16, 48, 7, 42, 49, 18, 2, 27, 47, 20, 33, 15],	C_j(s)=[ 1  4  5  7 10 15 23 28 33 42 47 56 65],	c_s=11929

LB: 49591.0
GAP: 0.0
NBEB: 0

Heuristic processing time: 0 min 36 s
Total time elapsed: 0 min 36 s

--------------------------------------------------
machine: 4
jobs: 50
w: [15 13 19 16 13 19 18 16 20 20 20 12 18 10 20 17 14 19 18 16 19 10 10 16
 14 13 13 16 12 19 15 13 15 18 18 12 16 19 12 11 16 13 17 18 19 18 18 19
 20 13]
p: [17 17 14 15 18 14 16 14 17 20 15 17 20 11 20 15 18 18 17 18 11 15 11 18
 16 16 11 13 13 16 13 11 15 13 10 14 19 19 15 10 15 17 11 17 17 19 16 18
 19 14]
smith_order: [34 20 42 33  5  2 10 27 29 26 31  8 30  7 15 46  6 44 39  3 40 18 43 47
 17 48  9 14 32 37 45 49 28 22 13 12 19 23  0 24 35 36 25 38 16 41  1  4
 11 21]
serial schedule cost - UB: 278169

	+++RESULTS+++
optimum total cost: 74279.0
processing time LB, Hmin: 178.25
processing time UB, Hmax: 208.25
selected schedule: [32, 33, 34, 35]
	M1 <- [20, 2, 29, 15, 6, 43, 9, 45, 0, 35, 25, 4],	C_j(s)=[ 11  25  41  56  72  89 109 128 145 159 175 193],	c_s=18664
	M2 <- [34, 5, 26, 30, 44, 18, 17, 32, 28, 22, 19, 16, 1],	C_j(s)=[ 10  24  35  48  65  82 100 115 128 139 157 175 192],	c_s=18531
	M3 <- [42, 10, 31, 7, 39, 40, 48, 37, 13, 12, 36, 38, 21],	C_j(s)=[ 11  26  37  51  61  76  95 114 125 145 164 179 194],	c_s=18529
	M4 <- [33, 27, 8, 46, 3, 47, 14, 49, 23, 24, 41, 11],	C_j(s)=[ 13  26  43  59  74  92 112 126 144 160 177 194],	c_s=18555

LB: 74279.00000000073
GAP: 0.0
NBEB: 0

Heuristic processing time: 0 min 36 s
Total time elapsed: 0 min 38 s

--------------------------------------------------
machine: 4
jobs: 50
w: [17 16 15 17 10 10 11 13 10 10 19 18 15 18 15 16 18 12 14 18 16 10 18 16
 16 15 15 15 20 14 13 13 19 17 15 20 13 13 19 14 15 19 20 20 17 13 15 16
 18 10]
p: [14 17 14 10 13 19 12 13 12 16 11 20 20 17 12 14 13 10 10 17 17 19 13 18
 10 14 10 17 18 19 10 14 16 12 16 13 18 15 17 18 20 20 10 20 20 12 20 16
 20 14]
smith_order: [42 10  3 24 35 26 33 18 16 22 30 14  0 17 32 15 38 28 45  2 25 19 13 43
  7 47 41 20  1 34 31  6 48 11 23 27 37 44  8 39  4 12 46 40 29 36 49  9
  5 21]
serial schedule cost - UB: 251336

	+++RESULTS+++
optimum total cost: 67311.0
processing time LB, Hmin: 175.0
processing time UB, Hmax: 205.0
selected schedule: [20, 21, 22, 23]
	M1 <- [10, 33, 30, 0, 45, 25, 7, 41, 11, 37, 4, 29, 5],	C_j(s)=[ 11  23  33  47  59  73  86 106 126 141 154 173 192],	c_s=16805
	M2 <- [24, 35, 14, 15, 28, 43, 1, 6, 23, 39, 40, 9],	C_j(s)=[ 10  23  35  49  67  87 104 116 134 152 172 188],	c_s=16681
	M3 <- [42, 26, 16, 17, 38, 19, 47, 34, 48, 44, 46, 36],	C_j(s)=[ 10  20  33  43  60  77  93 109 129 149 169 187],	c_s=17080
	M4 <- [3, 18, 22, 32, 2, 13, 20, 31, 27, 8, 12, 49, 21],	C_j(s)=[ 10  20  33  49  63  80  97 111 128 140 160 174 193],	c_s=16745

LB: 67311.0
GAP: 0.0
NBEB: 0

Heuristic processing time: 0 min 35 s
Total time elapsed: 0 min 37 s

--------------------------------------------------
machine: 4
jobs: 50
w: [17 67 65 15 68 78 63 40 46 75 86 37 94 70 64 36 39 88 92 73 49 44 87 80
 54 46 91 13 85 70 88 36 74 81 22 91 15 59 45 12 65 93 80 64 25 64 50 80
 51 48]
p: [ 1  4  3 10  8  8  8  6  8  8  9  1  6  5  3  2  3  9 10  8  8  7  5  7
  9  7 10  5  1  7  4  3  5  4  1  8  4  9  8  4  3  4  3  2  1  7  6  6
  7  3]
smith_order: [28 11 43 42 44 41 30 34  2 40 14 33 15 22  0  1 49 12 32 13 47 16 31 23
 35 29 17  5 10  9 18 45 19 26  4 46  6 48  7 25 37 21 20 24  8 38 36 39
 27  3]
serial schedule cost - UB: 295958

	+++RESULTS+++
optimum total cost: 80765.0
processing time LB, Hmin: 62.0
processing time UB, Hmax: 77.0
selected schedule: [36, 37, 38, 39]
	M1 <- [43, 30, 15, 0, 49, 32, 23, 5, 45, 4, 7, 20, 36, 27],	C_j(s)=[ 2  6  8  9 12 17 24 32 39 47 53 61 65 70],	c_s=20033
	M2 <- [42, 34, 40, 22, 13, 35, 10, 26, 48, 21, 38],	C_j(s)=[ 3  4  7 12 17 25 34 44 51 58 66],	c_s=20343
	M3 <- [11, 41, 14, 1, 47, 31, 17, 18, 6, 37, 8, 39],	C_j(s)=[ 1  5  8 12 18 21 30 40 48 57 65 69],	c_s=20539
	M4 <- [28, 44, 2, 33, 12, 16, 29, 9, 19, 46, 25, 24, 3],	C_j(s)=[ 1  2  5  9 15 18 25 33 41 47 54 63 73],	c_s=19850

LB: 80764.99999999996
GAP: 0.0
NBEB: 0

Heuristic processing time: 0 min 35 s
Total time elapsed: 0 min 36 s

--------------------------------------------------
machine: 4
jobs: 50
w: [ 39  26  87  37  42  46  88  67  58  62  81  89  41  66  49  33 100  77
  44 100  25  57  80  83  56  75  44  56  74  25  76  92  82  79  47  45
  13  20  57  36  90  34  76  57  40  39  94  40  91  69]
p: [ 7  7  8 10  1  9  8  1  2  8 10 10  1  1  9  2  3  7  5  1  8  9  2  7
  1  4  9  6  8  4  2  7  5  5  3  5  5  5  9  9  3  8  2  3  2  8  9 10
  3  9]
smith_order: [19  7 13 24  4 12 22 42 30 16 48 40  8 44 43 25 15 32 33 34 31 23  6 17
  2 46 27 28 35 11 18 10  9 49 21 38 29  0 14  5 26 45 41 37 39 47  1  3
 20 36]
serial schedule cost - UB: 253501

	+++RESULTS+++
optimum total cost: 69723.0
processing time LB, Hmin: 62.5
processing time UB, Hmax: 77.5
selected schedule: [28, 29, 30, 31]
	M1 <- [7, 12, 30, 8, 43, 33, 2, 28, 9, 38, 26, 47, 36],	C_j(s)=[ 1  2  4  6  9 14 22 30 38 47 56 66 71],	c_s=17616
	M2 <- [19, 42, 48, 25, 31, 17, 35, 10, 29, 14, 41, 3],	C_j(s)=[ 1  3  6 10 17 24 29 39 43 52 60 70],	c_s=17753
	M3 <- [24, 4, 16, 44, 15, 34, 6, 27, 11, 21, 5, 39, 20],	C_j(s)=[ 1  2  5  7  9 12 20 26 36 45 54 63 71],	c_s=17293
	M4 <- [13, 22, 40, 32, 23, 46, 18, 49, 0, 45, 37, 1],	C_j(s)=[ 1  3  6 11 18 27 32 41 48 56 61 68],	c_s=17061

LB: 69723.0
GAP: 0.0
NBEB: 0

Heuristic processing time: 0 min 38 s
Total time elapsed: 0 min 39 s

--------------------------------------------------
machine: 4
jobs: 50
w: [13 16 13 12 10 20 11 18 18 12 12 13 13 14 11 20 11 12 13 14 10 13 19 13
 19 13 11 10 14 18 16 17 12 17 14 14 14 11 14 18 15 12 11 19 17 11 15 11
 17 19]
p: [15 17 13 19 11 13 11 20 17 11 11 10 20 17 10 13 17 11 10 11 13 17 16 15
 13 20 17 11 12 13 10 16 18 12 16 10 20 14 20 14 13 18 18 12 20 20 12 12
 14 18]
smith_order: [30 43  5 15 24 33 35 29 11 18 39 19 46 48 22 28 40 14 17 10  9 31  8 49
  6  2  1 47 27  4  7 34 23  0 44 13 37 20 21 36 38 32 41 25 12 26 16  3
 42 45]
serial schedule cost - UB: 221173

	+++RESULTS+++
optimum total cost: 59254.0
processing time LB, Hmin: 167.75
processing time UB, Hmax: 197.75
selected schedule: [32, 33, 34, 35]
	M1 <- [43, 35, 11, 46, 40, 31, 2, 7, 44, 38, 26, 3],	C_j(s)=[ 12  22  32  44  57  73  86 106 126 146 163 182],	c_s=14897
	M2 <- [30, 24, 18, 48, 14, 9, 6, 47, 27, 23, 20, 32, 16, 42],	C_j(s)=[ 10  23  33  47  57  68  79  91 102 117 130 148 165 183],	c_s=14583
	M3 <- [15, 29, 19, 22, 10, 49, 4, 0, 13, 36, 25, 45],	C_j(s)=[ 13  26  37  53  64  82  93 108 125 145 165 185],	c_s=14873
	M4 <- [5, 33, 39, 28, 17, 8, 1, 34, 37, 21, 41, 12],	C_j(s)=[ 13  25  39  51  62  79  96 112 126 143 161 181],	c_s=14901

LB: 59254.00000000018
GAP: 0.0
NBEB: 0

Heuristic processing time: 0 min 36 s
Total time elapsed: 0 min 37 s

--------------------------------------------------
machine: 4
jobs: 50
w: [15 17 15 13 19 18 20 12 14 19 12 19 16 17 10 10 20 19 17 17 19 15 18 13
 17 13 13 15 17 19 11 11 10 18 13 16 12 12 11 12 16 12 18 10 14 19 16 17
 16 15]
p: [13 19 19 18 17 16 20 20 15 13 16 17 13 18 10 13 16 10 16 15 11 15 12 15
 19 19 15 19 17 11 17 11 10 10 10 20 17 15 17 10 19 16 19 11 11 18 17 16
 15 16]
smith_order: [17 33 29 20 22  9 34 44 16 12 39  0 19  5 11  4 48 18 47 45 28 21 14 31
 32  6 42 13 46 49  8 43 24  1 23 26 40 35 37 27  2 15 10 41  3 36 25 30
 38  7]
serial schedule cost - UB: 252398

	+++RESULTS+++
optimum total cost: 67525.0
processing time LB, Hmin: 175.5
processing time UB, Hmax: 205.5
selected schedule: [8, 9, 10, 11]
	M1 <- [17, 22, 12, 5, 18, 21, 42, 24, 26, 27, 10, 25],	C_j(s)=[ 10  22  35  51  67  82 101 120 135 154 170 189],	c_s=16853
	M2 <- [33, 9, 39, 11, 47, 31, 14, 46, 8, 40, 2, 36, 38],	C_j(s)=[ 10  23  33  50  66  77  87 104 119 138 157 174 191],	c_s=16884
	M3 <- [20, 16, 0, 4, 45, 6, 49, 43, 23, 35, 41, 30],	C_j(s)=[ 11  27  40  57  75  95 111 122 137 157 173 190],	c_s=17101
	M4 <- [29, 34, 44, 19, 48, 32, 28, 13, 1, 37, 15, 3, 7],	C_j(s)=[ 11  21  32  47  62  72  89 107 126 141 154 172 192],	c_s=16687

LB: 67525.00000000041
GAP: 0.0
NBEB: 0

Heuristic processing time: 0 min 35 s
Total time elapsed: 0 min 37 s

--------------------------------------------------
machine: 4
jobs: 50
w: [ 8 26 38 25 72 93 34 80  5 25 42 29 93 35 86 82 39 50 36  1 63 76 25 37
 96 89 42 73 89 56 58 33 44 35  7 16 80  8  7 71 54 84 92 62 38 40 24  7
 21  4]
p: [88  9 80 69 65 78 44 52 27 90 69  9 59 91 83 63 60 40 96 88 66 35 54 25
 71 44 42  4  5 47 75 93 59 15  4 89 66 43 23 38 78 40 58 66 96 34 20 18
 12 12]
smith_order: [27 28 11  1 33 21 41 25 39 34 48 42 12  7 23 24 15 17 36 46  5 29 45  4
 14 26 20 43 30  6 32 40 16 10  2 22 44 47 13 18  3 31 49 38  9 37  8 35
  0 19]
serial schedule cost - UB: 1803241

	+++RESULTS+++
optimum total cost: 499766.0
processing time LB, Hmin: 576.0
processing time UB, Hmax: 720.0
selected schedule: [8, 9, 10, 11]
	M1 <- [28, 21, 34, 42, 15, 45, 14, 6, 16, 13, 3, 37, 8, 19],	C_j(s)=[  5  40  44 102 165 199 282 326 386 477 546 589 616 704],	c_s=123898
	M2 <- [1, 41, 48, 23, 24, 46, 4, 43, 32, 22, 18, 9],	C_j(s)=[  9  49  61  86 157 177 242 308 367 421 517 607],	c_s=125113
	M3 <- [11, 25, 7, 17, 5, 26, 30, 10, 44, 47, 49, 38, 0],	C_j(s)=[  9  53 105 145 223 265 340 409 505 523 535 558 646],	c_s=123460
	M4 <- [27, 33, 39, 12, 36, 29, 20, 40, 2, 31, 35],	C_j(s)=[  4  19  57 116 182 229 295 373 453 546 635],	c_s=127295

LB: 499766.00000000035
GAP: 0.0
NBEB: 0

Heuristic processing time: 0 min 36 s
Total time elapsed: 0 min 41 s

--------------------------------------------------
machine: 4
jobs: 50
w: [54 19  7 57 62 44 60 64  7 34 53 59 52 36 88 43 94  3 70 18 63 83 30 63
 66 57 68  8  7 39 27 84 56  3 22 49 68  4 95 60 60 96 86  6 77 72 29 58
 53 90]
p: [ 95  77  79  16  14  81  51  45  12   5  10  13  30  35  80  28  88  23
  49  10  54  13  53  29  80  54 100  21  82  99  18  84  98  37  57  86
  71  22  87  18  53  98  12  10  93  47  91  65  15   2]
smith_order: [49 42  9 21 10 11  4  3 48 39 23 19 12 15 45 30 18  7  6 20 40 14 38 16
 25 13 31 41 36 47 44 24 26 43  8 32 35  0 22  5 29 34 27 46  1 37 17  2
 28 33]
serial schedule cost - UB: 1841408

	+++RESULTS+++
optimum total cost: 512837.0
processing time LB, Hmin: 547.5
processing time UB, Hmax: 697.5
selected schedule: [24, 25, 26, 27]
	M1 <- [21, 3, 12, 18, 14, 31, 44, 8, 0, 27, 46, 33],	C_j(s)=[ 13  29  59 108 188 272 365 377 472 493 584 621],	c_s=131727
	M2 <- [42, 11, 23, 15, 6, 38, 13, 47, 26, 22, 34, 37, 2],	C_j(s)=[ 12  25  54  82 133 220 255 320 420 473 530 552 631],	c_s=127090
	M3 <- [49, 10, 48, 19, 30, 7, 40, 25, 36, 24, 32, 29, 28],	C_j(s)=[  2  12  27  37  55 100 153 207 278 358 456 555 637],	c_s=125949
	M4 <- [9, 4, 39, 45, 20, 16, 41, 43, 35, 5, 1, 17],	C_j(s)=[  5  19  37  84 138 226 324 334 420 501 578 601],	c_s=128071

LB: 512836.9999999996
GAP: 0.0
NBEB: 0

Heuristic processing time: 0 min 35 s
Total time elapsed: 0 min 43 s

--------------------------------------------------
machine: 4
jobs: 50
w: [88 28 58 33  5 87 54 62  3 97 69 27 45  5 91 81 17 22 56 69 93 49 83 38
 82 21 85 85  1 78 30 59 23 99 10 23 51 91 67 37 15 97 50 67  2 21 63 60
 38 75]
p: [ 14  41  26  69  53  35  27  75   6  67  49 100   3  70  60  58  78  53
  57  83   6  71  19  27  22  67  73  81  62  84   9 100  18  42  15  67
  13  23  16  43  12  28  46  49  52  27  70  24  78  24]
smith_order: [20 12  0 22 38 37 36 24 41 30 49 47  5 33  2  6 14  9 10 23 15 43 32 40
 26 42 27 18 29 46 39 19  7 45 21  1 34 31  8 48  3 17 35 25 11 16  4 13
 44 28]
serial schedule cost - UB: 1589194

	+++RESULTS+++
optimum total cost: 443231.0
processing time LB, Hmin: 498.0
processing time UB, Hmax: 648.0
selected schedule: [24, 25, 26, 27]
	M1 <- [0, 36, 30, 47, 6, 10, 23, 42, 29, 39, 34, 48, 11, 28],	C_j(s)=[ 14  27  36  60  87 136 163 209 293 336 351 429 529 591],	c_s=107987
	M2 <- [22, 24, 5, 14, 43, 18, 19, 1, 3, 35, 13],	C_j(s)=[ 19  41  76 136 185 242 325 366 435 502 572],	c_s=111308
	M3 <- [12, 38, 41, 33, 15, 40, 26, 46, 45, 31, 25, 4],	C_j(s)=[  3  19  47  89 147 159 232 302 329 429 496 549],	c_s=113197
	M4 <- [20, 37, 49, 2, 9, 32, 27, 7, 21, 8, 17, 16, 44],	C_j(s)=[  6  29  53  79 146 164 245 320 391 397 450 528 580],	c_s=110739

LB: 443231.00000000035
GAP: 0.0
NBEB: 0

Heuristic processing time: 0 min 36 s
Total time elapsed: 0 min 42 s

--------------------------------------------------
machine: 4
jobs: 50
w: [11 14 14 14 11 11 18 16 18 14 16 17 16 18 17 14 13 15 13 13 16 11 12 15
 14 17 17 14 10 10 18 11 11 16 10 12 14 11 20 10 18 19 10 13 15 19 13 17
 15 18]
p: [10 15 16 13 11 19 17 17 14 19 11 11 20 20 15 19 16 14 17 13 14 20 17 15
 12 16 15 16 11 15 11 10 12 14 12 19 13 13 15 18 13 16 16 12 11 10 15 15
 19 15]
smith_order: [45 30 11 10 40 44 38  8 49 41 24 33 20 47 14 26  0 31 43 36  3 17 25  6
 23  4 19  7  1 32 28 13 27  2 46 37 34 16 12 48 18 15  9 22 29 35 42  5
 39 21]
serial schedule cost - UB: 229607

	+++RESULTS+++
optimum total cost: 61448.0
processing time LB, Hmin: 169.25
processing time UB, Hmax: 199.25
selected schedule: [12, 13, 14, 15]
	M1 <- [30, 44, 49, 47, 43, 25, 4, 1, 2, 34, 18, 29, 5],	C_j(s)=[ 11  22  37  52  64  80  91 106 122 134 151 166 185],	c_s=15461
	M2 <- [10, 38, 33, 26, 0, 17, 19, 13, 37, 12, 15, 21],	C_j(s)=[ 11  26  40  55  65  79  92 112 125 145 164 184],	c_s=15398
	M3 <- [11, 8, 24, 20, 31, 3, 23, 32, 28, 46, 48, 22, 35],	C_j(s)=[ 11  25  37  51  61  74  89 101 112 127 146 163 182],	c_s=15225
	M4 <- [45, 40, 41, 14, 36, 6, 7, 27, 16, 9, 42, 39],	C_j(s)=[ 10  23  39  54  67  84 101 117 133 152 168 186],	c_s=15364

LB: 61448.0
GAP: 0.0
NBEB: 0

Heuristic processing time: 0 min 35 s
Total time elapsed: 0 min 37 s

--------------------------------------------------
machine: 4
jobs: 50
w: [10 12 14 20 15 20 12 19 10 10 13 20 19 10 12 12 19 18 14 10 20 12 13 14
 16 11 16 19 12 11 12 14 20 10 19 19 14 20 13 13 14 10 19 10 18 13 12 13
 19 17]
p: [17 17 12 10 14 17 10 14 10 20 10 13 19 11 20 12 13 18 17 13 17 10 17 11
 15 19 10 17 10 12 19 14 15 19 20 19 15 19 17 20 14 12 19 14 13 13 16 11
 18 13]
smith_order: [ 3 26 11 16 44  7 32 49 10 23  6 28 21 47  5 20  2 27  4 24 48 37 17 40
  8 45 12 15 42 35 31 34 36 29 13 41 18 19 22 38 46 43  1 39 30 14  0 25
 33  9]
serial schedule cost - UB: 233532

	+++RESULTS+++
optimum total cost: 62598.0
processing time LB, Hmin: 171.25
processing time UB, Hmax: 201.25
selected schedule: [28, 29, 30, 31]
	M1 <- [11, 32, 6, 5, 24, 42, 40, 34, 19, 43, 30, 33],	C_j(s)=[ 13  28  38  55  70  89 103 123 136 150 169 188],	c_s=15734
	M2 <- [26, 44, 23, 28, 2, 48, 35, 15, 29, 13, 38, 1, 14],	C_j(s)=[ 10  23  34  44  56  74  93 105 117 128 145 162 182],	c_s=15375
	M3 <- [3, 7, 10, 47, 27, 37, 31, 8, 36, 18, 46, 0, 9],	C_j(s)=[ 10  24  34  45  62  81  95 105 120 137 153 170 190],	c_s=15895
	M4 <- [16, 49, 21, 20, 4, 45, 17, 12, 41, 22, 39, 25],	C_j(s)=[ 13  26  36  53  67  80  98 117 129 146 166 185],	c_s=15594

LB: 62598.0
GAP: 0.0
NBEB: 0

Heuristic processing time: 0 min 36 s
Total time elapsed: 0 min 38 s

--------------------------------------------------
machine: 4
jobs: 50
w: [80 67 94 68 69 89 74 62 49 35 15 73 99 83 52 90 75 79 98 71 25 33 71 21
 65 59 75 18 30 32 74 74 59 40 35 70 34 13 59 45 95 64 74 62 21 97 60 47
 33 81]
p: [ 4 10  5  7  1  2  2  4  9  6  1  2  8  3  6  1  3  9  5  3  3  1  4  7
  9 10  4 10  1  6 10  2  7  9  8  3  1  6  9  4  1  7  5  7  6 10  6  7
  4  6]
smith_order: [40 15  4  5  6 31 11 36 21 28 13 16 19 35  0 18  2 26 22  7 10 42 49 12
 39 46  3 45 41 43 17 14 32 20 48 30 24 47  1 38 25  9  8 29 33 34 44 23
 37 27]
serial schedule cost - UB: 241924

	+++RESULTS+++
optimum total cost: 66554.0
processing time LB, Hmin: 58.5
processing time UB, Hmax: 73.5
selected schedule: [12, 13, 14, 15]
	M1 <- [15, 6, 21, 35, 2, 42, 46, 43, 20, 30, 25, 34, 37],	C_j(s)=[ 1  3  4  7 12 17 23 30 33 43 53 61 67],	c_s=16700
	M2 <- [4, 31, 28, 19, 26, 7, 39, 45, 32, 24, 9, 29, 23],	C_j(s)=[ 1  3  4  7 11 15 19 29 36 45 51 57 64],	c_s=16333
	M3 <- [5, 36, 13, 0, 22, 12, 41, 14, 47, 38, 33, 27],	C_j(s)=[ 2  3  6 10 14 22 29 35 42 51 60 70],	c_s=17069
	M4 <- [40, 11, 16, 18, 10, 49, 3, 17, 48, 1, 8, 44],	C_j(s)=[ 1  3  6 11 12 18 25 34 38 48 57 63],	c_s=16452

LB: 66554.00000000004
GAP: 0.0
NBEB: 0

Heuristic processing time: 0 min 34 s
Total time elapsed: 0 min 35 s

--------------------------------------------------
machine: 4
jobs: 50
w: [16 16 19 17 20 14 13 15 19 15 11 13 14 10 20 15 15 15 15 11 19 19 15 19
 19 20 10 16 10 17 18 10 14 12 13 20 14 18 19 12 11 20 10 20 11 10 20 13
 10 19]
p: [17 16 15 12 14 17 15 20 20 19 16 19 17 13 13 18 10 17 18 15 19 20 12 19
 15 18 12 19 15 13 10 13 16 12 13 20 16 14 17 10 17 19 11 13 15 11 11 18
 10 15]
smith_order: [46 30 43 14 16  4  3 29 37 49  2 24 22 39 38 25 41 23 35 34 33  1 20 48
  8 21  0 42 45 17 32 36  6 27 26 18 15 12  5  9 13 31  7 44 19 47 10 11
 28 40]
serial schedule cost - UB: 254880

	+++RESULTS+++
optimum total cost: 68197.0
processing time LB, Hmin: 176.0
processing time UB, Hmax: 206.0
selected schedule: [32, 33, 34, 35]
	M1 <- [14, 3, 49, 38, 35, 1, 42, 36, 18, 9, 47, 10],	C_j(s)=[ 13  25  40  57  77  93 104 120 138 157 175 191],	c_s=17077
	M2 <- [46, 4, 2, 39, 33, 23, 8, 17, 26, 12, 31, 44, 28],	C_j(s)=[ 11  25  40  50  62  81 101 118 130 147 160 175 190],	c_s=16835
	M3 <- [43, 29, 24, 25, 48, 34, 21, 45, 6, 15, 13, 19, 40],	C_j(s)=[ 13  26  41  59  69  82 102 113 128 146 159 174 191],	c_s=16944
	M4 <- [30, 16, 37, 22, 41, 20, 0, 32, 27, 5, 7, 11],	C_j(s)=[ 10  20  34  46  65  84 101 117 136 153 173 192],	c_s=17341

LB: 68197.00000000006
GAP: 0.0
NBEB: 0

Heuristic processing time: 0 min 17 s
Total time elapsed: 0 min 18 s

--------------------------------------------------
machine: 4
jobs: 50
w: [ 26  18  36  46  17  38  19  84  83  30  63  40  58  55  78  86  14  55
  17  53  83  74  70  83  32  13  36  61  58  45  99  40  79  53  25  43
  23  20  63  83  22  74  63  24  30  83  85  95 100  88]
p: [10  2 10  9  2  5  7  4  3  6  4 10 10  9  1  9  1  2  8  1  1  8  1  2
  2 10  3  4  3  8  3  2  1  4  4  5  3  1  7  6  9  9 10  7  8  9  3  4
  6  3]
smith_order: [20 32 14 22 19 23 30 49 46  8 17 47  7 37 31 28 48 24 10 27 16 39 33 26
 15 21 45 38  1 35  4 41 36  5 42 34 13 12 29  3  9 11 44  2 43  6  0 40
 18 25]
serial schedule cost - UB: 188842

	+++RESULTS+++
optimum total cost: 52359.0
processing time LB, Hmin: 57.25
processing time UB, Hmax: 72.25
selected schedule: [4, 5, 6, 7]
	M1 <- [20, 19, 46, 7, 24, 27, 15, 41, 12, 11, 0],	C_j(s)=[ 1  2  5  9 11 15 24 33 43 53 63],	c_s=13395
	M2 <- [32, 23, 8, 37, 28, 16, 39, 38, 1, 5, 13, 9, 2, 18],	C_j(s)=[ 1  3  6  7 10 11 17 24 26 31 40 46 56 64],	c_s=12953
	M3 <- [14, 30, 17, 31, 48, 26, 45, 4, 36, 34, 29, 44, 6, 25],	C_j(s)=[ 1  4  6  8 14 17 26 28 31 35 43 51 58 68],	c_s=12809
	M4 <- [22, 49, 47, 10, 33, 21, 35, 42, 3, 43, 40],	C_j(s)=[ 1  4  8 12 16 24 29 39 48 55 64],	c_s=13202

LB: 52359.0
GAP: 0.0
NBEB: 0

Heuristic processing time: 0 min 17 s
Total time elapsed: 0 min 18 s

--------------------------------------------------
machine: 4
jobs: 50
w: [37  7 70  1 15 14 19 48 43 90 74 92 64 68 13 30 52 27 17 77 30 34 28 89
  2 48 62 76 91 28 43 17 59  8 83 78  1 53 40 98 19 65 23  6 37 97 71 90
 52 81]
p: [43 62 73 22 89 46 37 75 70 76 21 15 63 56  3 42 17 35 79 40 82 66 26 51
 98 48 96  9 67 84 78 98 71 55 90 61  3 90 45 41  5 39 38 17 30 47  4 76
 13 99]
smith_order: [46 27 11 14 48 40 10 16 39 45 19 23 41 28 35 44 13  9 47 22 12 25  2 34
 38  0 32 49 17 15 26  7  8 42 37 30 21  6 20 43 36 29  5 18 31  4 33  1
  3 24]
serial schedule cost - UB: 1744483

	+++RESULTS+++
optimum total cost: 485719.0
processing time LB, Hmin: 573.5
processing time UB, Hmax: 722.0
selected schedule: [4, 5, 6, 7]
	M1 <- [14, 48, 45, 28, 13, 34, 17, 7, 37, 43, 18, 1],	C_j(s)=[  3  16  63 130 186 276 311 386 476 493 572 634],	c_s=123641
	M2 <- [11, 39, 41, 47, 25, 49, 15, 42, 21, 36, 29, 33, 3],	C_j(s)=[ 15  56  95 171 219 318 360 398 464 467 551 606 628],	c_s=121804
	M3 <- [27, 40, 16, 23, 9, 12, 38, 32, 8, 6, 20, 4, 24],	C_j(s)=[  9  14  31  82 158 221 266 337 407 444 526 615 713],	c_s=121115
	M4 <- [46, 10, 19, 35, 44, 22, 2, 0, 26, 30, 5, 31],	C_j(s)=[  4  25  65 126 156 182 255 298 394 472 518 616],	c_s=119159

LB: 485719.0
GAP: 0.0
NBEB: 0

Heuristic processing time: 0 min 17 s
Total time elapsed: 0 min 21 s

--------------------------------------------------
machine: 4
jobs: 50
w: [ 26  34  29  46  73  95  23  37  83  48  61  39  19  84  44  89  25  35
  10  72  25  61 100  23  89  54  39  45  88   6  56  89 100  34  93  30
  17  70  17  56  74  52  53  22   3  78   9  16  31  56]
p: [ 88  53  97  16  12  36  65  42  35  42  54   3  79  29  59   6  85  79
  36  19  41   2   2 100  42  21  63  62  43  89  25  14  92  12  60  38
  79  55  86  52  96  65  96  28  19  54  24   5  31  94]
smith_order: [22 21 15 11 31  4 19 47 13  3 33  5 25  8 30 24 28 34 45 37  9 10 32 39
 48  7 41 35 43 40 14 27  1 26 20 49 42 17 46  6  2  0 16 18 12 23 36 38
 44 29]
serial schedule cost - UB: 1477999

	+++RESULTS+++
optimum total cost: 412964.0
processing time LB, Hmin: 531.25
processing time UB, Hmax: 681.25
selected schedule: [16, 17, 18, 19]
	M1 <- [15, 47, 13, 30, 45, 32, 40, 42, 16, 23],	C_j(s)=[  6  11  40  65 119 211 307 403 488 588],	c_s=107893
	M2 <- [11, 19, 33, 8, 34, 10, 41, 27, 20, 17, 0, 38],	C_j(s)=[  3  22  34  69 129 183 248 310 351 430 518 604],	c_s=106151
	M3 <- [22, 31, 5, 28, 9, 39, 35, 14, 49, 46, 2, 36],	C_j(s)=[  2  16  52  95 137 189 227 286 380 404 501 580],	c_s=100783
	M4 <- [21, 4, 3, 25, 24, 37, 48, 7, 43, 1, 26, 6, 18, 12, 44, 29],	C_j(s)=[  2  14  30  51  93 148 179 221 249 302 365 430 466 545 564 653],	c_s=98137

LB: 412964.0
GAP: 0.0
NBEB: 0

Heuristic processing time: 0 min 18 s
Total time elapsed: 0 min 23 s

--------------------------------------------------
machine: 4
jobs: 50
w: [25 47 24 36 28 34 33 49 99 86 38 68 72 93 26 12 95 43 41 11 81 20 16 27
 57 95 24 10 85 62 11 11 19 79 69 14 64 33 90 22 76 20 26 72 43 71 85 89
 69 86]
p: [ 5  4  1  1  3  2  4  4  5  6  7  4  3  4  9  2  9 10  8  4  6 10 10  1
  3  5  7 10  8  9  4  4  8  3  1  5  4  4  7  6  2 10  9 10  5  6  2  3
  4 10]
smith_order: [34 46 40  3 47 23 33  2 12 13  8 24 25 48  5 11 36  9 20 38  7 45  1 28
 16  4 49 44 37  6 43 29 15 10 18  0 17 39 26 14 42 35 31 30 19 32 21 41
 22 27]
serial schedule cost - UB: 189118

	+++RESULTS+++
optimum total cost: 52449.0
processing time LB, Hmin: 60.25
processing time UB, Hmax: 75.25
selected schedule: [4, 5, 6, 7]
	M1 <- [46, 33, 24, 11, 20, 16, 43, 0, 26, 30, 32, 27],	C_j(s)=[ 2  5  8 12 18 27 37 42 49 53 61 71],	c_s=13202
	M2 <- [40, 2, 13, 48, 9, 45, 49, 15, 18, 14, 31, 41],	C_j(s)=[ 2  3  7 11 17 23 33 35 43 52 56 66],	c_s=13038
	M3 <- [34, 47, 8, 5, 38, 1, 4, 44, 29, 17, 35, 19, 22],	C_j(s)=[ 1  4  9 11 18 22 25 30 39 49 54 58 68],	c_s=13341
	M4 <- [3, 23, 12, 25, 36, 7, 28, 37, 6, 10, 39, 42, 21],	C_j(s)=[ 1  2  5 10 14 18 26 30 34 41 47 56 66],	c_s=12868

LB: 52449.0
GAP: 0.0
NBEB: 0

Heuristic processing time: 0 min 18 s
Total time elapsed: 0 min 19 s

--------------------------------------------------
machine: 4
jobs: 50
w: [ 51  27  67  79  21  47  33  73  13  37  13  52 100  40  50  58  13  19
  56  12  32  24  44  86  53  51  89  86  34  94  40  65  26  51  73  88
  78  13  18  75  72  37  99  51  29  77  12  68  68  31]
p: [ 4 10  6  1  3  5  5  9  1  5  6  9  9  4  6  4  5  8  6  8  4  7  1  5
  6  7  1  6  3 10  4  1  4  4 10 10  7  7  8  3  8  2  9  3  8  5 10  5
  9  7]
smith_order: [26  3 31 22 39 41 23 43 45 15 27 47  8 33  0 28  2 36 12 42 13 30  5 29
 18 40 24 35 14  7 20 48  9 34 25  4  6 32 11 49 44 21  1 16 17 38 10 37
 19 46]
serial schedule cost - UB: 234565

	+++RESULTS+++
optimum total cost: 64411.0
processing time LB, Hmin: 64.5
processing time UB, Hmax: 79.5
selected schedule: [12, 13, 14, 15]
	M1 <- [31, 39, 15, 0, 12, 29, 14, 9, 25, 44, 17, 19],	C_j(s)=[ 1  4  8 12 21 31 37 42 49 57 65 73],	c_s=16122
	M2 <- [22, 41, 45, 33, 36, 30, 35, 7, 4, 11, 1, 37],	C_j(s)=[ 1  3  8 12 19 23 33 42 45 54 64 71],	c_s=16159
	M3 <- [26, 43, 27, 28, 42, 18, 24, 20, 34, 32, 21, 10, 46],	C_j(s)=[ 1  4 10 13 22 28 34 38 48 52 59 65 75],	c_s=16376
	M4 <- [3, 23, 47, 8, 2, 13, 5, 40, 48, 6, 49, 16, 38],	C_j(s)=[ 1  6 11 12 18 22 27 35 44 49 56 61 69],	c_s=15754

LB: 64411.000000000044
GAP: 0.0
NBEB: 0

Heuristic processing time: 0 min 19 s
Total time elapsed: 0 min 20 s

--------------------------------------------------
machine: 4
jobs: 50
w: [20 17 17 11 12 16 14 15 16 19 16 19 16 12 12 18 20 10 17 16 14 20 19 12
 17 11 16 14 20 11 10 16 11 10 14 13 13 17 10 10 18 10 15 11 17 12 15 20
 19 18]
p: [13 19 11 17 17 14 16 10 19 18 20 20 17 16 20 10 12 20 11 13 11 17 13 14
 20 12 16 17 20 19 17 11 19 13 20 10 15 12 11 20 17 16 14 15 18 13 10 15
 18 15]
smith_order: [15 16  2 18  0 46  7 22 31 37 47 35 20 19 49 21  5 42 40 48  9 28 26 11
 44 12 45 25 38  1  6 36 23 24  8 27 10 33 13 43  4 34  3 41 14 30 29 32
 39 17]
serial schedule cost - UB: 241071

	+++RESULTS+++
optimum total cost: 64649.0
processing time LB, Hmin: 177.75
processing time UB, Hmax: 207.75
selected schedule: [20, 21, 22, 23]
	M1 <- [0, 22, 35, 19, 42, 26, 12, 38, 36, 27, 13, 3, 29],	C_j(s)=[ 13  26  36  49  63  79  96 107 122 139 155 172 191],	c_s=16206
	M2 <- [16, 7, 37, 21, 40, 28, 1, 24, 33, 43, 41, 32],	C_j(s)=[ 12  22  34  51  68  88 107 127 140 155 171 190],	c_s=16035
	M3 <- [15, 18, 47, 49, 48, 11, 45, 6, 10, 34, 30, 39],	C_j(s)=[ 10  21  36  51  69  89 102 118 138 158 175 195],	c_s=16173
	M4 <- [2, 46, 31, 20, 5, 9, 44, 25, 23, 8, 4, 14, 17],	C_j(s)=[ 11  21  32  43  57  75  93 105 119 138 155 175 195],	c_s=16235

LB: 64649.0
GAP: 0.0
NBEB: 0

Heuristic processing time: 0 min 35 s
Total time elapsed: 0 min 36 s

--------------------------------------------------
machine: 4
jobs: 50
w: [ 35  80  48  37  35  23  78  94  50  13  56  26  91  67  70  73  70  71
  44  83  30  88  96  65  21  83  87  87  89  26  37  93  20  23  56  75
  84  26  33  82  41  15  43 100  85  89  43  49  56  30]
p: [ 8  1  6  3  7  5  3  7  7  2 10  5  6  2  4  7  6  5  7  2  5  7 10  4
  5  3  2  8 10  6  3  9  5  3  5  1  7  6  3  1  1  6  8  8  2  9  5  5
  4  3]
smith_order: [39  1 35 26 44 19 40 13 25  6 14 23 12 17 48  7 21 43  3 30 36 16 34 38
 27 15 31 49 45 47 22 28 46  2 33  8  9 18 20 10 42 11  4  5  0 29 37 24
 32 41]
serial schedule cost - UB: 247638

	+++RESULTS+++
optimum total cost: 67878.0
processing time LB, Hmin: 56.75
processing time UB, Hmax: 71.75
selected schedule: [36, 37, 38, 39]
	M1 <- [1, 44, 6, 17, 21, 34, 38, 49, 22, 33, 18, 4, 0],	C_j(s)=[ 1  3  6 11 18 23 26 29 39 42 49 56 64],	c_s=17250
	M2 <- [39, 40, 13, 23, 7, 36, 15, 47, 46, 8, 42, 5, 32],	C_j(s)=[ 1  2  4  8 15 22 29 34 39 46 54 59 64],	c_s=16929
	M3 <- [35, 19, 14, 48, 43, 27, 45, 2, 9, 10, 29, 41],	C_j(s)=[ 1  3  7 11 19 27 36 42 44 54 60 66],	c_s=17045
	M4 <- [26, 25, 12, 30, 3, 16, 31, 28, 20, 11, 37, 24],	C_j(s)=[ 2  5 11 14 17 23 32 42 47 52 58 63],	c_s=16654

LB: 67878.00000000016
GAP: 0.0
NBEB: 0

Heuristic processing time: 0 min 35 s
Total time elapsed: 0 min 35 s

--------------------------------------------------
machine: 4
jobs: 50
w: [19 15 12 12 13 20 15 11 18 11 18 13 10 15 14 10 13 13 13 14 10 16 12 16
 17 15 16 11 17 16 10 13 12 14 18 15 18 15 20 14 18 16 20 16 14 11 18 13
 11 17]
p: [18 18 16 18 11 19 18 14 13 13 19 20 11 18 17 20 15 17 14 20 13 20 16 20
 20 16 13 11 11 10 10 18 19 15 13 14 18 20 11 12 16 10 17 12 14 11 11 17
 14 12]
smith_order: [38 46 41 29 28 49 34  8 43 26  4 42 39 40 35  0  5 30 36 45 27 44 10 25
 33 18 12 16 24  9  1  6 13 14 23 21  7 48 20 17 47 37 22  2 31 19  3 11
 32 15]
serial schedule cost - UB: 240682

	+++RESULTS+++
optimum total cost: 64428.0
processing time LB, Hmin: 175.75
processing time UB, Hmax: 205.75
selected schedule: [16, 17, 18, 19]
	M1 <- [46, 34, 4, 40, 36, 10, 24, 14, 48, 22, 2, 32],	C_j(s)=[ 11  24  35  51  69  88 108 125 139 155 171 190],	c_s=16136
	M2 <- [41, 28, 43, 39, 5, 44, 18, 9, 6, 7, 17, 31, 3],	C_j(s)=[ 10  21  33  45  64  78  92 105 123 137 154 172 190],	c_s=16268
	M3 <- [38, 8, 42, 0, 45, 25, 12, 1, 23, 20, 37, 11],	C_j(s)=[ 11  24  41  59  70  86  97 115 135 148 168 188],	c_s=15952
	M4 <- [29, 49, 26, 35, 30, 27, 33, 16, 13, 21, 47, 19, 15],	C_j(s)=[ 10  22  35  49  59  70  85 100 118 138 155 175 195],	c_s=16072

LB: 64428.0
GAP: 0.0
NBEB: 0

Heuristic processing time: 0 min 21 s
Total time elapsed: 0 min 22 s

--------------------------------------------------
machine: 4
jobs: 50
w: [10 18 10 17 19 10 20 14 20 14 15 10 11 13 10 16 17 16 13 11 13 12 15 18
 15 11 12 10 20 10 18 18 15 15 12 17 16 15 15 13 17 11 16 14 20 16 16 16
 16 17]
p: [12 13 15 17 13 13 20 12 10 13 18 12 10 11 12 19 17 17 10 11 14 12 15 14
 20 14 20 11 17 14 18 19 15 15 10 10 15 14 11 13 16 10 14 19 10 16 10 17
 12 15]
smith_order: [ 8 44 35 46  4  1 38 48 18 23 34 13 28  7 42 49 12 41  9 37 36 40 33 21
 45 16 19 22 32 39  6  3 30 31 17 47 20 27 15  0 10 11 14 25  5 24 43 29
  2 26]
serial schedule cost - UB: 228901

	+++RESULTS+++
optimum total cost: 61228.0
processing time LB, Hmin: 161.25
processing time UB, Hmax: 191.25
selected schedule: [16, 17, 18, 19]
	M1 <- [44, 4, 34, 7, 12, 36, 45, 32, 31, 27, 11, 24, 29],	C_j(s)=[ 10  23  33  45  55  70  86 101 120 131 143 163 177],	c_s=15394
	M2 <- [35, 1, 13, 42, 40, 39, 16, 6, 47, 14, 0, 43],	C_j(s)=[ 10  23  34  48  64  77  94 114 131 143 155 174],	c_s=15273
	M3 <- [46, 38, 18, 28, 41, 9, 33, 30, 19, 20, 10, 5, 2],	C_j(s)=[ 10  21  31  48  58  71  86 104 115 129 147 160 175],	c_s=15129
	M4 <- [8, 48, 23, 49, 37, 22, 21, 3, 17, 15, 25, 26],	C_j(s)=[ 10  22  36  51  65  80  92 109 126 145 159 179],	c_s=15432

LB: 61227.99999999981
GAP: 0.0
NBEB: 0

Heuristic processing time: 0 min 18 s
Total time elapsed: 0 min 19 s

--------------------------------------------------
machine: 4
jobs: 50
w: [ 38  57  29  57  92  92  50  25  26  67  69  42 100  15  15  41  49  12
  12  29  87  18  26  42  82  53  17  45  82  74  83  54  32  99  28  65
  71  15  66  93  99  99  58  50  19  23  52  17  74  13]
p: [ 4 10  9  1  3  3  3  3  4 10  3 10  1  4  8  3  8  5  7  8  8 10  2  8
  8  9  6  4  8  2  3  1  4  9  8  9  9  9  5  3  6  8  2  9  2  9  7  4
  4  6]
smith_order: [12  3 31 29 39  4  5 42 30 10 48  6 40 15 38 22 41 27 33 20 24 28  0 44
  7 32 36 46 35  9  8 16 25  1 43 23 47 11 13 19 34  2 26 45 17 49 14 21
 18 37]
serial schedule cost - UB: 209896

	+++RESULTS+++
optimum total cost: 58063.0
processing time LB, Hmin: 64.75
processing time UB, Hmax: 79.75
selected schedule: [32, 33, 34, 35]
	M1 <- [12, 39, 42, 40, 27, 24, 32, 9, 43, 13, 2, 49, 18],	C_j(s)=[ 1  4  6 12 16 24 28 38 47 51 60 66 73],	c_s=14727
	M2 <- [29, 30, 6, 41, 28, 36, 16, 23, 34, 17, 14],	C_j(s)=[ 2  5  8 16 24 33 41 49 57 62 70],	c_s=14315
	M3 <- [31, 4, 10, 15, 22, 33, 44, 7, 35, 25, 47, 19, 26, 21],	C_j(s)=[ 1  4  7 10 12 21 23 26 35 44 48 56 62 72],	c_s=14190
	M4 <- [3, 5, 48, 38, 20, 0, 46, 8, 1, 11, 45, 37],	C_j(s)=[ 1  4  8 13 21 25 32 36 46 56 65 74],	c_s=14831

LB: 58062.999999999876
GAP: 0.0
NBEB: 0

Heuristic processing time: 0 min 17 s
Total time elapsed: 0 min 18 s

--------------------------------------------------
machine: 4
jobs: 50
w: [12 93 56 31 57 41 65 70 43 87 12 86 45 84 42 56 71 90 38 98 42 34 88 87
 70 13 34 44 14 69 82 47 97 32 40 66 35 18 13 31 72 95 77 27 78 51 38 59
 59 85]
p: [ 7  8  5 10  7  2  4  3  7  1  5  6  1  7  2  1 10  9  6  2  2  5  5  8
  8 10 10  5  9  7  2  6  6  4  7  7  5  2  1  4  1  9  2  4  5  2  7  5
  2  9]
smith_order: [ 9 40 15 19 12 30 42 48 45  7 20 14  5 22  6 32 44 11 38 13 47  1  2 23
 41 17 29 49 35 37 27 24  4 33 31 39 16 36 21 43 18  8 34 46 26  3 10  0
 28 25]
serial schedule cost - UB: 225741

	+++RESULTS+++
optimum total cost: 62149.0
processing time LB, Hmin: 58.0
processing time UB, Hmax: 73.0
selected schedule: [32, 33, 34, 35]
	M1 <- [40, 12, 48, 14, 6, 11, 2, 29, 37, 24, 39, 21, 34, 10, 0],	C_j(s)=[ 1  2  4  6 10 16 21 28 30 38 42 47 54 59 66],	c_s=15544
	M2 <- [9, 30, 7, 44, 38, 47, 23, 49, 33, 16, 46, 28],	C_j(s)=[ 1  3  6 11 12 17 25 34 38 48 55 64],	c_s=15445
	M3 <- [15, 42, 20, 22, 13, 41, 35, 4, 36, 8, 3],	C_j(s)=[ 1  3  5 10 17 26 33 40 45 52 62],	c_s=15466
	M4 <- [19, 45, 5, 32, 1, 17, 27, 31, 43, 18, 26, 25],	C_j(s)=[ 2  4  6 12 20 29 34 40 44 50 60 70],	c_s=15694

LB: 62148.99999999993
GAP: 0.0
NBEB: 0

Heuristic processing time: 0 min 17 s
Total time elapsed: 0 min 18 s

--------------------------------------------------
machine: 4
jobs: 50
w: [20 10 14 14 17 10 14 19 11 19 12 10 17 15 18 10 20 12 17 16 15 20 19 16
 14 20 11 13 12 17 19 17 17 12 18 17 18 19 11 10 20 20 12 11 16 13 10 18
 16 20]
p: [16 19 15 13 13 20 19 19 18 18 14 10 17 11 10 11 20 19 10 14 16 10 16 14
 10 11 12 15 15 12 19 13 13 16 14 14 11 16 14 13 19 18 18 14 17 19 19 12
 11 19]
smith_order: [21 25 14 18 36 47 48 29 24 13  4 31 32 34  0 35 37 22 19 23 41  3  9 40
 49 12 16  7 30 11 44 20  2 26 15 27 10 28 43 38 39 33  6 45 42 17  8 46
  1  5]
serial schedule cost - UB: 240722

	+++RESULTS+++
optimum total cost: 64544.0
processing time LB, Hmin: 171.5
processing time UB, Hmax: 201.5
selected schedule: [24, 25, 26, 27]
	M1 <- [25, 29, 31, 35, 19, 49, 16, 44, 15, 38, 6, 8],	C_j(s)=[ 11  23  36  50  64  83 103 120 131 145 164 182],	c_s=15940
	M2 <- [18, 36, 24, 32, 37, 41, 12, 11, 2, 10, 33, 42, 5],	C_j(s)=[ 10  21  31  44  60  78  95 105 120 134 150 168 188],	c_s=16079
	M3 <- [14, 47, 4, 0, 23, 40, 7, 20, 27, 43, 45, 46],	C_j(s)=[ 10  22  35  51  65  84 103 119 134 148 167 186],	c_s=16054
	M4 <- [21, 48, 13, 34, 22, 3, 9, 30, 26, 28, 39, 17, 1],	C_j(s)=[ 10  21  32  46  62  75  93 112 124 139 152 171 190],	c_s=16471

LB: 64544.00000000129
GAP: 0.0
NBEB: 0

Heuristic processing time: 0 min 17 s
Total time elapsed: 0 min 19 s

--------------------------------------------------
machine: 4
jobs: 50
w: [12 20 19 14 14 20 14 14 18 14 10 18 10 13 16 19 20 11 19 12 16 20 14 19
 12 17 17 14 13 10 20 10 16 20 11 12 13 12 10 15 15 10 10 15 20 14 13 16
 14 12]
p: [18 11 11 13 19 19 15 19 18 19 15 11 20 13 13 14 11 19 14 16 17 15 12 13
 10 12 12 19 10 13 16 14 19 13 16 13 17 14 17 11 18 12 13 14 17 10 12 12
 18 14]
smith_order: [ 1 16  2 11 33 23 25 26 45 39 18 15 47 21 28 30 14 24 44 22 46  3 43  5
 13  8 20  6 35 49 37 32 41 40 48 42 29 36 19  4  7  9 27 31 34 10  0 38
 17 12]
serial schedule cost - UB: 225798

	+++RESULTS+++
optimum total cost: 60538.0
processing time LB, Hmin: 167.75
processing time UB, Hmax: 197.75
selected schedule: [12, 13, 14, 15]
	M1 <- [1, 33, 18, 28, 24, 46, 8, 49, 41, 42, 19, 27, 0],	C_j(s)=[ 11  24  38  48  58  70  88 102 114 127 143 162 180],	c_s=15014
	M2 <- [16, 23, 15, 30, 22, 43, 20, 32, 29, 4, 31, 17],	C_j(s)=[ 11  24  38  54  66  80  97 116 129 148 162 181],	c_s=14983
	M3 <- [11, 25, 45, 47, 14, 3, 13, 6, 40, 36, 9, 10, 12],	C_j(s)=[ 11  23  33  45  58  71  84  99 117 134 153 168 188],	c_s=15370
	M4 <- [2, 26, 39, 21, 44, 5, 35, 37, 48, 7, 34, 38],	C_j(s)=[ 11  23  34  49  66  85  98 112 130 149 165 182],	c_s=15171

LB: 60538.0
GAP: 0.0
NBEB: 0

Heuristic processing time: 0 min 17 s
Total time elapsed: 0 min 19 s

--------------------------------------------------
machine: 4
jobs: 50
w: [39 86 54 84 91 93 60 40 95 82 58 61 70 42 58 20  3  2 55 20 74 98 42  9
 83 67 62 25 98 80 68 75 54  1 39  6 19 84 71 89 13 65 70 52  9 76 28 32
 64 24]
p: [ 6 82 15 24  7 85 82 82 58 84 53 97 29 82 22 22  6 43 69 76 15 23  4 12
 59 71 55 23  1 25 80 31 49 32 81 95 72 82 25 27 41 64 88 94 53 31 14 95
 32  9]
smith_order: [28  4 22  0 20 21  2  3 39 29 38 49 14 45 31 12 46 48  8 24 26 32 10  5
 27  1 37 41  9 25 15 30 18 42 23  6 11 43 13 16  7 34 47 40 36 19 44 35
 17 33]
serial schedule cost - UB: 1772774

	+++RESULTS+++
optimum total cost: 494600.0
processing time LB, Hmin: 529.0
processing time UB, Hmax: 674.5
selected schedule: [20, 21, 22, 23]
	M1 <- [4, 3, 49, 14, 8, 10, 27, 9, 15, 42, 13, 40, 44, 33],	C_j(s)=[  7  31  40  62 120 173 196 280 302 390 472 513 566 598],	c_s=122616
	M2 <- [28, 20, 39, 31, 48, 32, 1, 25, 6, 16, 7, 36, 35],	C_j(s)=[  1  16  43  74 106 155 237 308 390 396 478 550 645],	c_s=124859
	M3 <- [22, 21, 38, 12, 46, 26, 37, 30, 11, 34, 19],	C_j(s)=[  4  27  52  81  95 150 232 312 409 490 566],	c_s=120219
	M4 <- [0, 2, 29, 45, 24, 5, 41, 18, 23, 43, 47, 17],	C_j(s)=[  6  21  46  77 136 221 285 354 366 460 555 598],	c_s=126906

LB: 494600.0000000001
GAP: 0.0
NBEB: 0

Heuristic processing time: 0 min 17 s
Total time elapsed: 0 min 24 s

--------------------------------------------------
machine: 4
jobs: 50
w: [ 27  53  91  37  90  77  15  34  55  98  69  40  98  41  21  56  22  75
  80  73  82  77  52  16  70  12  89  95  10  47  59  45  25  67  92  90
  18  62  12  99  52  62  25   6  41  19  30 100  63  90]
p: [43 10 72 90 58 74 47 82 83 79 69 70  3 25 52 79 67 92 92 59 33 93 29 43
 77 41 93 20  9 79 64 31 39  1  9 17  5 75  5 39 42  6 11 92 99 62 25 59
 16 85]
smith_order: [33 12 41 34  1 35 27 48 36 39 20 38 42 22 47 13  4 31  2  9 40 19 46 28
 49  5 10 26 30 24 18 21 37 17 15  8 32  0 29 11  7 44  3 14 23 16  6 45
 25 43]
serial schedule cost - UB: 2072771

	+++RESULTS+++
optimum total cost: 574635.0
processing time LB, Hmin: 562.0
processing time UB, Hmax: 710.5
selected schedule: [32, 33, 34, 35]
	M1 <- [33, 35, 39, 4, 40, 5, 24, 37, 32, 29, 14, 16],	C_j(s)=[  1  18  57 115 157 231 308 383 422 501 553 620],	c_s=148287
	M2 <- [34, 48, 42, 22, 31, 9, 28, 26, 21, 8, 7, 23, 25],	C_j(s)=[  9  25  36  65  96 175 184 277 370 453 535 578 619],	c_s=142917
	M3 <- [41, 27, 38, 47, 19, 49, 30, 17, 11, 3, 45],	C_j(s)=[  6  26  31  90 149 234 298 390 460 550 612],	c_s=141361
	M4 <- [12, 1, 36, 20, 13, 2, 46, 10, 18, 15, 0, 44, 6, 43],	C_j(s)=[  3  13  18  51  76 148 173 242 334 413 456 555 602 694],	c_s=142070

LB: 574635.0000000001
GAP: 0.0
NBEB: 0

Heuristic processing time: 0 min 18 s
Total time elapsed: 0 min 25 s

--------------------------------------------------
machine: 4
jobs: 50
w: [ 55  97  42  82  38  56  49  54  68  63  34  55 100  13  62  87  45  72
  56  80  64  49  16  55  38  87  90  69  63  98  62  77  32  36  29  27
  34  93  55  85  59  22  77  67  35  39  23  89  79  69]
p: [ 5  1  5  1  8  8  9  2  8  1  7  4  7  6 10  8  7  8  8 10  4  9  6  4
  9  8  3 10  3  9  1  7  3  5  1  6  1  7  2  3  2  7  1  3  4  5  8  5
  2  9]
smith_order: [ 1  3 42  9 30 48 36 26 40 34 39 38  7 43 28 47 20 12 11 23 37  0 31 29
 25 15 32 17 44  8  2 19 45 49 33 18  5 27 16 14 21  6 10  4 35 24 41 46
 22 13]
serial schedule cost - UB: 245449

	+++RESULTS+++
optimum total cost: 67473.0
processing time LB, Hmin: 60.0
processing time UB, Hmax: 75.0
selected schedule: [0, 1, 2, 3]
	M1 <- [9, 30, 40, 38, 28, 11, 0, 25, 2, 45, 33, 16, 6, 24],	C_j(s)=[ 1  2  4  6  9 13 18 26 31 36 41 48 57 66],	c_s=16930
	M2 <- [42, 26, 7, 20, 23, 29, 17, 49, 27, 10, 41, 13],	C_j(s)=[ 1  4  6 10 14 23 31 40 50 57 64 70],	c_s=17123
	M3 <- [1, 48, 34, 43, 12, 31, 32, 44, 19, 5, 21, 35, 22],	C_j(s)=[ 1  3  4  7 14 21 24 28 38 46 55 61 67],	c_s=16714
	M4 <- [3, 36, 39, 47, 37, 15, 8, 18, 14, 4, 46],	C_j(s)=[ 1  2  5 10 17 25 33 41 51 59 67],	c_s=16706

LB: 67473.0
GAP: 0.0
NBEB: 0

Heuristic processing time: 0 min 17 s
Total time elapsed: 0 min 18 s

--------------------------------------------------
machine: 4
jobs: 50
w: [10 11 14 14 15 17 14 18 18 18 19 14 10 11 20 10 12 12 13 14 12 11 15 20
 15 16 20 11 13 19 14 19 16 20 12 11 12 13 18 16 17 13 16 19 14 17 12 11
 17 19]
p: [11 10 10 14 19 14 11 10 16 15 10 19 10 16 13 13 17 13 12 12 15 11 12 20
 13 17 12 10 11 10 12 19 19 14 12 19 11 10 11 18 13 10 10 18 13 17 18 11
 18 16]
smith_order: [10 29  7 26 38 42 14 33  2 40 41 37  6 22  5  9 49 28 19 30 24  8 27  1
 36 18 44 43 47  3 45 12 31 21 34 23 48 25 17  0 39 32 20  4 15 11 16 13
 46 35]
serial schedule cost - UB: 221171

	+++RESULTS+++
optimum total cost: 59224.0
processing time LB, Hmin: 156.25
processing time UB, Hmax: 186.25
selected schedule: [20, 21, 22, 23]
	M1 <- [26, 33, 37, 5, 19, 27, 18, 31, 3, 25, 4, 46],	C_j(s)=[ 12  26  36  50  62  72  84 103 117 134 153 171],	c_s=14916
	M2 <- [10, 38, 40, 22, 28, 24, 36, 47, 34, 12, 17, 20, 15, 13],	C_j(s)=[ 10  21  34  46  57  70  81  92 104 114 127 142 155 171],	c_s=14658
	M3 <- [7, 42, 2, 6, 49, 8, 44, 45, 48, 0, 32, 16],	C_j(s)=[ 10  20  30  41  57  73  86 103 121 132 151 168],	c_s=14655
	M4 <- [29, 14, 41, 9, 30, 1, 43, 23, 21, 39, 11, 35],	C_j(s)=[ 10  23  33  48  60  70  88 108 119 137 156 175],	c_s=14995

LB: 59224.00000000008
GAP: 0.0
NBEB: 0

Heuristic processing time: 0 min 18 s
Total time elapsed: 0 min 19 s

--------------------------------------------------
machine: 4
jobs: 50
w: [54 77 25 42 59 85 73 55 48 81 25 67 24 26 12 70 51 66 62 45 27 12 85 89
 29 53 55 56 12 38 52 20 48 72 83 53 51 16 75 22 44 14 84 83 62 82 78 59
 40 51]
p: [ 9  2  8  9  6  5  1  3  8  6  5  7  1  9  3  8  3  6 10  7  3  3  4  3
  8  8  1 10  1  4  8  2  3  6  5  1  8  9  6  8  5  9  2  2  1 10  1  3
  1 10]
smith_order: [46  6 44 26 35 42 43 48  1 23 12 22 47  7  5 16 34 32  9 38 28 33 17 31
  4 11 29 20 40 15 45 25 30 19 36 18  8  0 27 49 10  3 14 21 24  2 13 39
 37 41]
serial schedule cost - UB: 196333

	+++RESULTS+++
optimum total cost: 54255.0
processing time LB, Hmin: 57.75
processing time UB, Hmax: 72.75
selected schedule: [36, 37, 38, 39]
	M1 <- [6, 35, 1, 47, 16, 9, 31, 11, 25, 18, 10, 21, 14, 39],	C_j(s)=[ 1  2  4  7 10 16 18 25 33 43 48 51 54 62],	c_s=12980
	M2 <- [26, 42, 12, 7, 34, 28, 17, 20, 40, 19, 8, 49, 2, 41],	C_j(s)=[ 1  3  4  7 12 13 19 22 27 34 42 52 60 69],	c_s=13640
	M3 <- [46, 48, 23, 5, 38, 4, 45, 36, 27, 24, 37],	C_j(s)=[ 1  2  5 10 16 22 32 40 50 58 67],	c_s=14169
	M4 <- [44, 43, 22, 32, 33, 29, 15, 30, 0, 3, 13],	C_j(s)=[ 1  3  7 10 16 20 28 36 45 54 63],	c_s=13466

LB: 54255.00000000019
GAP: 0.0
NBEB: 0

Heuristic processing time: 0 min 21 s
Total time elapsed: 0 min 22 s

--------------------------------------------------
machine: 4
jobs: 50
w: [60 92 10 44 23 87 21  6 79 60 18 71 26 67 99 29 90 38  9 62 59  6 25 85
 19 81 46 64 87 91 25 14 16 97 63 25 31 61 27 60 93  9 87 37  5 31 44 52
 54 98]
p: [ 80  71   2  16  70  61  67   7  69  87  60  66  51  29  19  83  76  40
  97  42  53  79  32  69  53  22  68  24   6  48  91  11   5  65   2  62
  71  11  93  60  99   3  63  80  92  18  41  63 100  17]
smith_order: [34 28 49 37 14  2 25 32 41  3 27 13 29 45 33 19  5 42  1 31 23 16  8 20
 11 46 39 17 40  7 47 22  0  9 26 48 12 43 36 35 24 15  4  6 10 38 30 18
 21 44]
serial schedule cost - UB: 1765718

	+++RESULTS+++
optimum total cost: 492027.0
processing time LB, Hmin: 573.5
processing time UB, Hmax: 723.5
selected schedule: [28, 29, 30, 31]
	M1 <- [37, 32, 41, 27, 19, 1, 20, 39, 22, 9, 12, 15, 30],	C_j(s)=[ 11  16  19  43  85 156 209 269 301 388 439 522 613],	c_s=124625
	M2 <- [34, 14, 13, 33, 23, 11, 7, 47, 48, 35, 38, 44],	C_j(s)=[  2  21  50 115 184 250 257 320 420 482 575 667],	c_s=121872
	M3 <- [28, 2, 25, 29, 42, 16, 40, 26, 36, 4, 10, 21],	C_j(s)=[  6   8  30  78 141 217 316 384 455 525 585 664],	c_s=129673
	M4 <- [49, 3, 45, 5, 31, 8, 46, 17, 0, 43, 24, 6, 18],	C_j(s)=[ 17  33  51 112 123 192 233 273 353 433 486 553 650],	c_s=115857

LB: 492026.9999999959
GAP: 0.0
NBEB: 0

Heuristic processing time: 0 min 20 s
Total time elapsed: 0 min 26 s

--------------------------------------------------
machine: 4
jobs: 50
w: [10 13 14 11 14 19 20 15 18 14 16 17 18 16 18 16 15 10 14 19 13 18 16 10
 12 13 13 12 19 17 16 13 12 17 13 19 18 18 20 18 18 19 19 20 11 12 10 15
 15 17]
p: [15 12 16 20 11 19 16 18 18 18 20 19 17 18 18 18 11 16 17 20 11 12 17 19
 13 13 19 20 12 13 13 14 20 15 16 18 14 11 14 20 18 16 13 13 13 17 18 20
 20 19]
smith_order: [37 28 43 21 42 38 16 29 36  4  6 30 41 20 33  1 12 35  8 40 14 25  5 19
 22 31 24 39 11 49 15 13  2 44  7 18 34 10  9 47 48 45 26  0 17 32 27 46
  3 23]
serial schedule cost - UB: 267720

	+++RESULTS+++
optimum total cost: 71655.0
processing time LB, Hmin: 187.0
processing time UB, Hmax: 217.0
selected schedule: [32, 33, 34, 35]
	M1 <- [37, 42, 4, 41, 35, 25, 31, 11, 2, 34, 47, 17, 3],	C_j(s)=[ 11  24  35  51  69  82  96 115 131 147 167 183 203],	c_s=18006
	M2 <- [43, 29, 6, 1, 5, 19, 24, 49, 7, 9, 26, 27],	C_j(s)=[ 13  26  42  54  73  93 106 125 143 161 180 200],	c_s=17934
	M3 <- [28, 38, 30, 33, 14, 8, 39, 13, 18, 48, 32, 23],	C_j(s)=[ 12  26  39  54  72  90 110 128 145 165 185 204],	c_s=17999
	M4 <- [21, 16, 36, 20, 12, 40, 22, 15, 44, 10, 45, 0, 46],	C_j(s)=[ 12  23  37  48  65  83 100 118 131 151 168 183 201],	c_s=17716

LB: 71655.0
GAP: 0.0
NBEB: 0

Heuristic processing time: 0 min 19 s
Total time elapsed: 0 min 21 s

--------------------------------------------------
machine: 4
jobs: 50
w: [14 10 20 13 17 11 17 14 12 19 20 20 16 16 12 14 18 16 14 20 12 20 19 18
 13 16 12 10 12 19 16 17 10 14 17 13 10 20 20 14 18 10 20 12 12 18 15 11
 19 20]
p: [13 16 17 19 11 16 12 10 15 17 10 20 17 18 20 15 15 16 10 16 16 20 17 18
 14 11 14 15 13 19 14 20 18 12 17 20 20 19 11 14 10 15 15 10 12 18 11 12
 18 18]
smith_order: [10 38 40  4 25  6  7 18 46 42 19 43 16  2 33 30  9 22 49  0 48 37 29 45
 44 39 23 21 11 34 17 12 15 24 28 47 13 26 31  8 20  5  3 41 27 35  1 14
 32 36]
serial schedule cost - UB: 252993

	+++RESULTS+++
optimum total cost: 67771.0
processing time LB, Hmin: 176.0
processing time UB, Hmax: 206.0
selected schedule: [8, 9, 10, 11]
	M1 <- [40, 25, 42, 33, 22, 37, 39, 34, 24, 26, 20, 27, 32],	C_j(s)=[ 10  21  36  48  65  84  98 115 129 143 159 174 192],	c_s=17111
	M2 <- [10, 6, 16, 2, 0, 45, 23, 17, 28, 31, 35, 1],	C_j(s)=[ 10  22  37  54  67  85 103 119 132 152 172 188],	c_s=16830
	M3 <- [38, 7, 46, 43, 9, 48, 44, 11, 15, 47, 8, 3, 14],	C_j(s)=[ 11  21  32  42  59  77  89 109 124 136 151 170 190],	c_s=16864
	M4 <- [4, 18, 19, 30, 49, 29, 21, 12, 13, 5, 41, 36],	C_j(s)=[ 11  21  37  51  69  88 108 125 143 159 174 194],	c_s=16966

LB: 67771.00000000003
GAP: 0.0
NBEB: 0

Heuristic processing time: 0 min 19 s
Total time elapsed: 0 min 21 s

--------------------------------------------------
machine: 4
jobs: 50
w: [52 81 85 81 57 43 13 66 78 30 85 61 81 95 78 80 79  6 51 28 45 48 39 59
 89 54 34 16 89 54 31 51  1 49 23 31 45 32  4  5 11 98 10 49 19 25 50 70
 58 93]
p: [54 94 62 49 89 17 92 56 72  2 77 78 98 40 17 67 52 42 31 11 68 20  3 75
 23  1 34 19  9 29 81 90 91 93 16 90 21 44 94  2 76  9 39  7 41 60 39  9
 93 32]
smith_order: [25  9 22 41 28 47 43 14 24 49 19  5 39 21 13 36 29  3 18 16 34  2 46 15
  7 10  8 26  0  1 27 12 23 11 37 20  4 48 31 33 44 45 30 35 42 40 17  6
 38 32]
serial schedule cost - UB: 1566944

	+++RESULTS+++
optimum total cost: 438705.0
processing time LB, Hmin: 528.5
processing time UB, Hmax: 675.5
selected schedule: [28, 29, 30, 31]
	M1 <- [22, 43, 24, 21, 3, 46, 8, 12, 4, 30, 6],	C_j(s)=[  3  10  33  53 102 141 213 311 400 481 573],	c_s=108365
	M2 <- [9, 47, 19, 5, 36, 18, 34, 15, 26, 27, 23, 20, 33, 42, 17, 32],	C_j(s)=[  2  11  22  39  60  91 107 174 208 227 302 370 463 502 544 635],	c_s=103623
	M3 <- [41, 14, 39, 13, 2, 10, 1, 37, 31, 35, 38],	C_j(s)=[  9  26  28  68 130 207 301 345 435 525 619],	c_s=114512
	M4 <- [25, 28, 49, 29, 16, 7, 0, 11, 48, 44, 45, 40],	C_j(s)=[  1  10  42  71 123 179 233 311 404 445 505 581],	c_s=112205

LB: 438705.0
GAP: 0.0
NBEB: 0

Heuristic processing time: 0 min 20 s
Total time elapsed: 0 min 25 s

--------------------------------------------------