
machine: 5
jobs: 30
w: [10 18 14 17 19 14 14 20 20 14 12 19 19 19 20 10 15 15 18 10 20 11 12 18
 17 18 12 13 11 10]
p: [16 12 13 10 10 10 13 20 13 20 20 19 16 14 16 13 18 12 10 14 16 15 11 13
 20 12 18 15 12 18]
smith_order: [ 4 18  3  8 25  1  5 23 13 17 14 20 12 22  2  6 11  7 28 27 24 16 15 21
 19  9 26  0 10 29]
serial schedule cost - UB: 84992

	+++RESULTS+++
optimum total cost: 19772.0
processing time LB, Hmin: 71.8
processing time UB, Hmax: 103.8
selected schedule: [14, 24, 37, 41, 43]
	M1 <- [25, 13, 22, 7, 19, 0],	C_j(s)=[12 26 37 57 71 87],	c_s=3874
	M2 <- [4, 23, 12, 28, 16, 10],	C_j(s)=[10 23 39 51 69 89],	c_s=4009
	M3 <- [8, 14, 2, 27, 21, 29],	C_j(s)=[13 29 42 57 72 90],	c_s=3861
	M4 <- [18, 5, 20, 11, 15, 26],	C_j(s)=[10 20 36 55 68 86],	c_s=3937
	M5 <- [3, 1, 17, 6, 24, 9],	C_j(s)=[10 22 34 47 67 87],	c_s=4091

LB: 19772.0
GAP: 0.0
NBEB: 0

Heuristic processing time: 0 min 13 s
Total time elapsed: 0 min 14 s

--------------------------------------------------
machine: 5
jobs: 30
w: [ 25  21  21  18  37  31 100  44  28  52  90  51  84  68  97 100  40  96
  76  72  47  29  13  13  57  73  11  70  40  25]
p: [ 9  4  9  9  1  1  1  8  7 10  3  4  5  3  3  8  7  8 10  5  8  8  3  7
  6  8  3  3 10  2]
smith_order: [ 6  4 14  5 10 27 13 12 19 11 15 29 17 24 25 18 20 16  7  1  9 22  8 28
 26 21  0  2  3 23]
serial schedule cost - UB: 77067

	+++RESULTS+++
optimum total cost: 19114.0
processing time LB, Hmin: 26.6
processing time UB, Hmax: 42.6
selected schedule: [9, 36, 37, 44, 46]
	M1 <- [4, 13, 17, 16, 28, 23],	C_j(s)=[ 1  4 12 19 29 36],	c_s=3849
	M2 <- [10, 11, 25, 9, 2],	C_j(s)=[ 3  7 15 25 34],	c_s=3736
	M3 <- [14, 19, 24, 7, 26, 0],	C_j(s)=[ 3  8 14 22 25 34],	c_s=3758
	M4 <- [6, 12, 29, 18, 1, 22, 21],	C_j(s)=[ 1  6  8 18 22 25 33],	c_s=3916
	M5 <- [5, 27, 15, 20, 8, 3],	C_j(s)=[ 1  4 12 20 27 36],	c_s=3855

LB: 19114.0
GAP: 0.0
NBEB: 0

Heuristic processing time: 0 min 13 s
Total time elapsed: 0 min 13 s

--------------------------------------------------
machine: 5
jobs: 30
w: [78 15 97 38 32 31 19 91 11 95 64 59 68 92 26 17 73 87 29 10 98 93 68 98
 92 56 18 89 24 27]
p: [ 7  2  9  1  8  6  8  2  9  1  3  1  8 10  3 10  5  1  7 10 10  9  2  2
 10  2  2  8  5  1]
smith_order: [ 9 17 11 23  7  3 22 25 29 10 16  0 27  2 21 20 13 24 26 14 12  1  5 28
 18  4  6 15  8 19]
serial schedule cost - UB: 75201

	+++RESULTS+++
optimum total cost: 18972.0
processing time LB, Hmin: 24.4
processing time UB, Hmax: 40.4
selected schedule: [15, 16, 17, 19, 23]
	M1 <- [9, 3, 29, 0, 13, 18, 19],	C_j(s)=[ 1  2  3 10 20 27 37],	c_s=4025
	M2 <- [17, 25, 27, 24, 6],	C_j(s)=[ 1  3 11 21 29],	c_s=3717
	M3 <- [11, 22, 2, 12, 4],	C_j(s)=[ 1  3 12 20 28],	c_s=3683
	M4 <- [7, 10, 21, 26, 14, 5, 8],	C_j(s)=[ 2  5 14 16 19 25 34],	c_s=3735
	M5 <- [23, 16, 20, 1, 28, 15],	C_j(s)=[ 2  7 17 19 24 34],	c_s=3812

LB: 18972.0
GAP: 0.0
NBEB: 0

Heuristic processing time: 0 min 13 s
Total time elapsed: 0 min 13 s

--------------------------------------------------
machine: 5
jobs: 30
w: [92 13 38 31 87  2 16 26 35 80  1 14 67 72 90 35 36 44 93 43 26 88 25 65
 10  2  9 48 21 52]
p: [67 99 49 43 87 22 10 15 69 49 86 95 11 24 60 20 55 80 59 87 29 29 81 24
 92 30 48  7 82 56]
smith_order: [27 12 21 13 23 15  7  9  6 18 14  0  4 29 20  2  3 16 17  8 19 22 28 26
 11  1 24  5 25 10]
serial schedule cost - UB: 494189

	+++RESULTS+++
optimum total cost: 126288.0
processing time LB, Hmin: 233.8
processing time UB, Hmax: 392.2
selected schedule: [11, 19, 35, 45, 47]
	M1 <- [12, 9, 29, 17, 11],	C_j(s)=[ 11  60 116 196 291],	c_s=24267
	M2 <- [27, 7, 6, 0, 2, 22, 24],	C_j(s)=[  7  22  32  99 148 229 321],	c_s=25087
	M3 <- [21, 15, 4, 8, 1],	C_j(s)=[ 29  49 136 205 304],	c_s=27226
	M4 <- [13, 18, 20, 16, 28, 25, 10],	C_j(s)=[ 24  83 112 167 249 279 365],	c_s=24523
	M5 <- [23, 14, 3, 19, 26, 5],	C_j(s)=[ 24  84 127 214 262 284],	c_s=25185

LB: 126288.0
GAP: 0.0
NBEB: 0

Heuristic processing time: 0 min 13 s
Total time elapsed: 0 min 15 s

--------------------------------------------------
machine: 5
jobs: 30
w: [10 15 17 10 14 15 20 10 12 10 10 18 17 20 17 17 13 11 16 16 10 16 19 10
 12 11 14 12 14 15]
p: [15 13 11 10 15 18 10 15 19 13 20 11 16 17 14 20 18 13 17 10 17 12 11 12
 17 13 14 10 19 13]
smith_order: [ 6 22 11 19  2 21 14 27 13  1 29 12 26  3 18  4 15 25 17  5 23  9 28 16
 24  7  0  8 20 10]
serial schedule cost - UB: 76807

	+++RESULTS+++
optimum total cost: 17866.0
processing time LB, Hmin: 70.6
processing time UB, Hmax: 102.6
selected schedule: [0, 1, 2, 3, 4]
	M1 <- [22, 13, 18, 23, 9, 10],	C_j(s)=[11 28 45 57 70 90],	c_s=3659
	M2 <- [11, 27, 29, 4, 5, 8],	C_j(s)=[11 21 34 49 67 86],	c_s=3683
	M3 <- [19, 21, 12, 25, 16, 7],	C_j(s)=[10 22 38 51 69 84],	c_s=3456
	M4 <- [6, 14, 3, 15, 24, 20],	C_j(s)=[10 24 34 54 71 88],	c_s=3598
	M5 <- [2, 1, 26, 17, 28, 0],	C_j(s)=[11 24 38 51 70 85],	c_s=3470

LB: 17866.0
GAP: 0.0
NBEB: 0

Heuristic processing time: 0 min 13 s
Total time elapsed: 0 min 14 s

--------------------------------------------------
machine: 5
jobs: 30
w: [14 15 19 12 16 17 16 15 10 19 14 10 19 16 13 11 19 11 15 14 15 19 13 16
 10 15 19 14 14 11]
p: [12 14 12 18 11 19 17 12 16 13 17 19 10 16 19 14 19 16 20 12 20 12 14 15
 18 11 19 19 16 17]
smith_order: [12 21  2  9  4 25  7  0 19  1 23 13 26 16  6 22  5 28 10 15 18 20 27 17
 14  3 29  8 24 11]
serial schedule cost - UB: 87788

	+++RESULTS+++
optimum total cost: 20364.0
processing time LB, Hmin: 77.4
processing time UB, Hmax: 109.4
selected schedule: [0, 1, 2, 3, 4]
	M1 <- [12, 25, 23, 5, 20, 29],	C_j(s)=[10 21 36 55 75 92],	c_s=4153
	M2 <- [9, 1, 6, 15, 27, 11],	C_j(s)=[13 27 44 58 77 96],	c_s=4032
	M3 <- [2, 0, 16, 10, 17, 8],	C_j(s)=[12 24 43 60 76 92],	c_s=3977
	M4 <- [21, 19, 26, 28, 14, 24],	C_j(s)=[12 24 43 59 78 96],	c_s=4181
	M5 <- [4, 7, 13, 22, 18, 3],	C_j(s)=[11 23 39 53 73 91],	c_s=4021

LB: 20364.0
GAP: 0.0
NBEB: 0

Heuristic processing time: 0 min 13 s
Total time elapsed: 0 min 14 s

--------------------------------------------------
machine: 5
jobs: 30
w: [80 54 44 69  6 58 38 32 51 71 56 55 10 92 13 20  6 94 93 97 34 44 92 34
 90 73 99 19 58 27]
p: [77 67 88 74 14 96 71 71 74 62 87 15 71 36 45 67 17 14 44 50 94 90 41  7
 42 87 47 66 12 65]
smith_order: [17 23 28 11 13 22 24 18 26 19  9  0  3 25  1  8 10  5  6  2 21  7  4 29
 20 16 15 14 27 12]
serial schedule cost - UB: 810620

	+++RESULTS+++
optimum total cost: 200093.0
processing time LB, Hmin: 261.4
processing time UB, Hmax: 415.0
selected schedule: [1, 6, 16, 18, 19]
	M1 <- [13, 19, 1, 2, 4, 16, 15],	C_j(s)=[ 36  86 153 241 255 272 339],	c_s=40462
	M2 <- [23, 22, 9, 8, 21, 27],	C_j(s)=[  7  48 110 184 274 340],	c_s=40364
	M3 <- [17, 18, 3, 5, 20],	C_j(s)=[ 14  58 132 228 322],	c_s=39990
	M4 <- [11, 26, 25, 6, 29, 14],	C_j(s)=[ 15  62 149 220 285 330],	c_s=38185
	M5 <- [28, 24, 0, 10, 7, 12],	C_j(s)=[ 12  54 131 218 289 360],	c_s=41092

LB: 200093.0
GAP: 0.0
NBEB: 0

Heuristic processing time: 0 min 14 s
Total time elapsed: 0 min 17 s

--------------------------------------------------
machine: 5
jobs: 30
w: [ 16  89  33  35  31  73  54  26  54  57  27  21 100  17  89  81  31  13
  21  25  49  82  74  17   4  60  67  13  70  71]
p: [22 38 74 19 24 48 54 16 75 77 92 81 56 82 13 48 55 83 94 39 59 73 73 43
 30 26 82 27 73 47]
smith_order: [14  1 25  3 12 15  7  5 29  4 21 22  6 28 20 26  9  0  8 19 16 27  2 23
 10 11 18 13 17 24]
serial schedule cost - UB: 706772

	+++RESULTS+++
optimum total cost: 173769.0
processing time LB, Hmin: 249.4
processing time UB, Hmax: 399.8
selected schedule: [32, 33, 34, 35, 36]
	M1 <- [3, 5, 4, 26, 19, 10, 24],	C_j(s)=[ 19  67  91 173 212 304 334],	c_s=34812
	M2 <- [1, 7, 22, 8, 23, 13],	C_j(s)=[ 38  54 127 202 245 327],	c_s=34816
	M3 <- [14, 15, 6, 9, 27, 11],	C_j(s)=[ 13  61 115 192 219 300],	c_s=32399
	M4 <- [12, 21, 20, 2, 17],	C_j(s)=[ 56 129 188 262 345],	c_s=38521
	M5 <- [25, 29, 28, 0, 16, 18],	C_j(s)=[ 26  73 146 168 223 317],	c_s=33221

LB: 173760.00000000012
GAP: 8.999999999883585
NBEB: 1

Heuristic processing time: 0 min 6 s
Total time elapsed: 0 min 8 s

--------------------------------------------------
machine: 5
jobs: 30
w: [ 59  16  42   8   5  95  91  70  99  46   1  66  21  42  95  97  49  66
  22  39  30 100  83 100  44  16  72  68  77  51]
p: [89  2 31 66 64  2 86 66 47 14 16 78 38 80  6 49 71 53 39 63 81 91 11 44
 77 43 64 28 14 18]
smith_order: [ 5 14  1 22 28  9 29 27 23  8 15  2 17 26 21  7  6 11 16  0 19 24 18 12
 13 25 20  3  4 10]
serial schedule cost - UB: 662037

	+++RESULTS+++
optimum total cost: 166607.0
processing time LB, Hmin: 213.4
processing time UB, Hmax: 359.0
selected schedule: [5, 7, 35, 38, 44]
	M1 <- [1, 23, 21, 19, 20],	C_j(s)=[  2  46 137 200 281],	c_s=34562
	M2 <- [5, 9, 15, 6, 24, 3],	C_j(s)=[  2  16  65 151 228 294],	c_s=33356
	M3 <- [28, 8, 7, 0, 25, 10],	C_j(s)=[ 14  61 127 216 259 275],	c_s=33170
	M4 <- [14, 29, 2, 26, 16, 13],	C_j(s)=[  6  24  55 119 190 270],	c_s=33322
	M5 <- [22, 27, 17, 11, 18, 12, 4],	C_j(s)=[ 11  39  92 170 209 247 311],	c_s=32197

LB: 166607.0
GAP: 0.0
NBEB: 0

Heuristic processing time: 0 min 6 s
Total time elapsed: 0 min 8 s

--------------------------------------------------
machine: 5
jobs: 30
w: [15 15 17 19 19 12 20 12 16 18 18 10 17 15 14 13 18 13 10 12 13 13 19 15
 13 17 11 18 16 18]
p: [14 18 18 16 15 20 13 15 15 14 10 12 11 16 15 18 16 10 17 15 18 16 20 15
 20 13 16 18 16 11]
smith_order: [10 29 12  6 25 17  9  4  3 16  0  8 23 27 28 22  2 13 14 11  1 21 19  7
 15 20 26 24  5 18]
serial schedule cost - UB: 91607

	+++RESULTS+++
optimum total cost: 21192.0
processing time LB, Hmin: 76.2
processing time UB, Hmax: 108.2
selected schedule: [7, 19, 20, 21, 25]
	M1 <- [25, 16, 28, 14, 15, 18],	C_j(s)=[13 29 45 60 78 95],	c_s=4267
	M2 <- [29, 17, 8, 22, 21, 20],	C_j(s)=[11 21 36 56 72 90],	c_s=4217
	M3 <- [10, 9, 0, 2, 1, 5],	C_j(s)=[10 24 38 56 74 94],	c_s=4372
	M4 <- [12, 4, 23, 13, 19, 24],	C_j(s)=[11 26 41 57 72 92],	c_s=4211
	M5 <- [6, 3, 27, 11, 7, 26],	C_j(s)=[13 29 47 59 74 90],	c_s=4125

LB: 21192.0
GAP: 0.0
NBEB: 3

Heuristic processing time: 0 min 13 s
Total time elapsed: 0 min 25 s

--------------------------------------------------
machine: 5
jobs: 30
w: [49 39 15 20 85 65 34 49 35 28 69 16 35 20 77 50 56 51 90 78 38 50 62 51
 97 26 24 32 11 50]
p: [ 3  6  1 10  7  7  1  1  8  9  2  1  7  5  9  8  9  8  3  9  7 10  9  8
  6  4  1  4  9  1]
smith_order: [29  7 10  6 18 26  0 24 11  2  4  5 19 14 27 22 25  1 17 23 15 16 20 12
 21  8 13  9  3 28]
serial schedule cost - UB: 79279

	+++RESULTS+++
optimum total cost: 19480.0
processing time LB, Hmin: 26.6
processing time UB, Hmax: 42.6
selected schedule: [6, 27, 36, 44, 48]
	M1 <- [7, 26, 11, 2, 14, 23, 21],	C_j(s)=[ 1  2  3  4 13 21 31],	c_s=3827
	M2 <- [29, 0, 19, 17, 12, 3],	C_j(s)=[ 1  4 13 21 28 38],	c_s=4071
	M3 <- [10, 4, 22, 20, 9],	C_j(s)=[ 2  9 18 25 34],	c_s=3921
	M4 <- [6, 24, 27, 25, 16, 8],	C_j(s)=[ 1  7 11 15 24 32],	c_s=3919
	M5 <- [18, 5, 1, 15, 13, 28],	C_j(s)=[ 3 10 16 24 29 38],	c_s=3742

LB: 19480.0
GAP: 0.0
NBEB: 0

Heuristic processing time: 0 min 13 s
Total time elapsed: 0 min 13 s

--------------------------------------------------
machine: 5
jobs: 30
w: [49 31 80 61 40 34 72 88 77 13 70 88 41 93 67 43 15 51 74 20 25 23  8 46
 55 29  7 29 71  8]
p: [77 16 64 43 88  5 89 99 39 17 49 20 11 63 94 75 96 44 32 74 63 56 36  6
 27 20 61 20 96 50]
smith_order: [23  5 11 12 18 24  8  1 13 27 25 10  3  2 17  7  6  9 28 14  0 15  4 21
 20 19 22 29 16 26]
serial schedule cost - UB: 651099

	+++RESULTS+++
optimum total cost: 162949.0
processing time LB, Hmin: 226.8
processing time UB, Hmax: 385.2
selected schedule: [1, 26, 27, 34, 35]
	M1 <- [12, 1, 13, 28, 21, 16],	C_j(s)=[ 11  27  90 186 242 338],	c_s=33500
	M2 <- [11, 27, 25, 17, 14, 20, 26],	C_j(s)=[ 20  40  60 104 198 261 322],	c_s=32009
	M3 <- [23, 8, 2, 9, 0, 19],	C_j(s)=[  6  45 109 126 203 277],	c_s=29586
	M4 <- [5, 24, 10, 6, 15, 22],	C_j(s)=[  5  32  81 170 245 281],	c_s=32623
	M5 <- [18, 3, 7, 4, 29],	C_j(s)=[ 32  75 174 262 312],	c_s=35231

LB: 162933.125
GAP: 15.875
NBEB: 1

Heuristic processing time: 0 min 6 s
Total time elapsed: 0 min 8 s

--------------------------------------------------
machine: 5
jobs: 30
w: [13 19 16 10 20 13 13 10 16 18 19 18 11 16 15 17 19 16 19 18 10 10 17 14
 16 18 14 13 10 16]
p: [17 18 17 11 15 13 18 18 11 10 19 11 17 19 20 19 12 19 10 13 12 15 19 12
 16 15 10 18 12 11]
smith_order: [18  9 11 16  8 29 26 19  4 25 23  1  5 24 10  2  3 22 15 17 13 28 20  0
 14  6 27 21 12  7]
serial schedule cost - UB: 87062

	+++RESULTS+++
optimum total cost: 20211.0
processing time LB, Hmin: 73.4
processing time UB, Hmax: 105.4
selected schedule: [27, 35, 37, 38, 39]
	M1 <- [18, 29, 23, 2, 13, 27],	C_j(s)=[10 21 33 50 69 87],	c_s=4023
	M2 <- [8, 19, 24, 15, 20, 12],	C_j(s)=[11 24 40 59 71 88],	c_s=3929
	M3 <- [16, 25, 10, 28, 0, 21],	C_j(s)=[12 27 46 58 75 90],	c_s=4043
	M4 <- [9, 26, 1, 22, 14, 7],	C_j(s)=[10 20 38 57 77 95],	c_s=4256
	M5 <- [11, 4, 5, 3, 17, 6],	C_j(s)=[11 26 39 50 69 87],	c_s=3960

LB: 20211.0
GAP: 0.0
NBEB: 0

Heuristic processing time: 0 min 6 s
Total time elapsed: 0 min 6 s

--------------------------------------------------
machine: 5
jobs: 30
w: [18 18 15 18 13 13 17 14 13 10 14 18 15 14 12 10 18 10 10 10 14 19 14 10
 18 19 15 13 18 13]
p: [12 16 16 16 19 16 19 14 17 16 15 14 12 11 13 17 15 18 11 12 10 10 18 11
 15 15 13 17 15 20]
smith_order: [21  0 20 11 13 25 12 24 16 28 26  1  3  7  2 10 14 18 23  6 19  5 22  8
 27  4 29  9 15 17]
serial schedule cost - UB: 83581

	+++RESULTS+++
optimum total cost: 19355.0
processing time LB, Hmin: 72.6
processing time UB, Hmax: 104.6
selected schedule: [10, 14, 25, 28, 29]
	M1 <- [20, 25, 26, 14, 5, 4],	C_j(s)=[10 25 38 51 67 86],	c_s=3786
	M2 <- [21, 12, 1, 6, 19, 29],	C_j(s)=[10 22 38 57 69 89],	c_s=4020
	M3 <- [11, 28, 2, 18, 27, 15],	C_j(s)=[14 29 45 56 73 90],	c_s=3858
	M4 <- [0, 16, 7, 10, 8, 17],	C_j(s)=[12 27 41 56 73 91],	c_s=3919
	M5 <- [13, 24, 3, 23, 22, 9],	C_j(s)=[11 26 42 53 71 87],	c_s=3772

LB: 19354.66666666667
GAP: 0.0
NBEB: 1

Heuristic processing time: 0 min 6 s
Total time elapsed: 0 min 7 s

--------------------------------------------------
machine: 5
jobs: 30
w: [16 19 97 28 12 51 63  6 64 80 75 43 91 62 32 90 15 61 66 95 41 39 43 43
 14 11 74 24 27 88]
p: [ 9 34 92 58  9 32 46 42 10  6 77 67 46 42 13 99 50 90 86 54 80  1 63 59
 51 18 57 76 74 36]
smith_order: [21  9  8 14 29 12  0 19  5 13  6  4 26  2 10 15 18 23 22 17 11 25  1 20
  3 28 27 16 24  7]
serial schedule cost - UB: 694221

	+++RESULTS+++
optimum total cost: 173090.0
processing time LB, Hmin: 216.2
processing time UB, Hmax: 374.6
selected schedule: [5, 6, 7, 8, 9]
	M1 <- [29, 4, 2, 22, 1, 16],	C_j(s)=[ 36  45 137 200 234 284],	c_s=34303
	M2 <- [9, 19, 10, 17, 27],	C_j(s)=[  6  60 137 227 303],	c_s=37574
	M3 <- [8, 5, 26, 23, 11, 28],	C_j(s)=[ 10  42  99 158 225 299],	c_s=34650
	M4 <- [21, 12, 6, 18, 25, 3, 7],	C_j(s)=[  1  47  93 179 197 255 297],	c_s=33078
	M5 <- [14, 0, 13, 15, 20, 24],	C_j(s)=[ 13  22  64 163 243 294],	c_s=33485

LB: 173090.0
GAP: 0.0
NBEB: 0

Heuristic processing time: 0 min 6 s
Total time elapsed: 0 min 8 s

--------------------------------------------------
machine: 5
jobs: 30
w: [ 19  82  18  29  54  82  76  75  80 100  35  31  66  14  50  67  61  84
  50  34  37  71  79  34  43  79  59  92  81  85]
p: [10  5  2  9  4  7  2  4  3  2 10  9  7  2  9  9  8  7  9  3  5  7  2  7
  8 10  5  2  2 10]
smith_order: [ 9 27 28 22  6  8  7  1  4 17 26  5 19 21 12  2 29 25 16 15 20 13 14 18
 24 23 10 11  3  0]
serial schedule cost - UB: 99446

	+++RESULTS+++
optimum total cost: 24218.0
processing time LB, Hmin: 27.8
processing time UB, Hmax: 43.8
selected schedule: [35, 36, 37, 38, 39]
	M1 <- [22, 8, 5, 2, 16, 13, 23],	C_j(s)=[ 2  5 12 14 22 24 31],	c_s=4526
	M2 <- [27, 7, 26, 25, 24, 0],	C_j(s)=[ 2  6 11 21 29 39],	c_s=4930
	M3 <- [6, 1, 21, 20, 14, 11],	C_j(s)=[ 2  7 14 19 28 37],	c_s=4970
	M4 <- [28, 4, 19, 29, 18, 3],	C_j(s)=[ 2  6  9 19 28 37],	c_s=4880
	M5 <- [9, 17, 12, 15, 10],	C_j(s)=[ 2  9 16 25 35],	c_s=4912

LB: 24218.0
GAP: 0.0
NBEB: 0

Heuristic processing time: 0 min 6 s
Total time elapsed: 0 min 6 s

--------------------------------------------------
machine: 5
jobs: 30
w: [82 15 66 51 71 35 80 87 17 53 57 21 17 94  7 13 87 76 11 59 90 43 57 74
 40 46 20 61 32 16]
p: [18 57 11 28 97 83 25  4 71 20 88 10 67 12 70 84 64 51 65 79 59 24 11 34
 27 34 97 90  9  7]
smith_order: [ 7 13  2 22  0 28  6  9 29 23 11  3 21 20 17 24 16 25 19  4 27 10  5  1
 12  8 26 18 15 14]
serial schedule cost - UB: 489876

	+++RESULTS+++
optimum total cost: 125079.0
processing time LB, Hmin: 201.6
processing time UB, Hmax: 356.8
selected schedule: [45, 46, 47, 48, 49]
	M1 <- [22, 28, 29, 3, 25, 10, 26],	C_j(s)=[ 11  20  27  55  89 177 274],	c_s=24167
	M2 <- [0, 11, 21, 16, 5, 15],	C_j(s)=[ 18  28  52 116 199 283],	c_s=25036
	M3 <- [2, 9, 20, 27, 8],	C_j(s)=[ 11  31  90 180 251],	c_s=25716
	M4 <- [7, 6, 17, 19, 1, 18],	C_j(s)=[  4  29  80 159 216 281],	c_s=24460
	M5 <- [13, 23, 24, 4, 12, 14],	C_j(s)=[ 12  46  73 170 237 307],	c_s=25700

LB: 125079.0
GAP: 0.0
NBEB: 0

Heuristic processing time: 0 min 6 s
Total time elapsed: 0 min 7 s

--------------------------------------------------
machine: 5
jobs: 30
w: [82 77 52 78 67 75 26 62 84 86 32 14 96 23 72 65 58 43 77 49 40 79 30 99
 74 30 93 93 46 95]
p: [ 7 10  1  1 10  4  6  2 10  2  4  7  6  3  9  6  9  9  2  4 10  9  8  4
  3  6 10  9  9  1]
smith_order: [29  3  2  9 18  7 23 24  5 12 19  0 15 27 26 21  8 10 14  1 13  4 16 28
 25 17  6 20 22 11]
serial schedule cost - UB: 109159

	+++RESULTS+++
optimum total cost: 26655.0
processing time LB, Hmin: 28.2
processing time UB, Hmax: 44.2
selected schedule: [4, 12, 34, 36, 37]
	M1 <- [18, 12, 21, 4, 20],	C_j(s)=[ 2  8 17 27 37],	c_s=5554
	M2 <- [9, 5, 15, 10, 1, 17],	C_j(s)=[ 2  6 12 16 26 35],	c_s=5421
	M3 <- [29, 7, 19, 26, 13, 16, 6],	C_j(s)=[ 1  3  7 17 20 29 35],	c_s=5257
	M4 <- [3, 23, 27, 14, 25, 22],	C_j(s)=[ 1  5 14 23 29 37],	c_s=5511
	M5 <- [2, 24, 0, 8, 28, 11],	C_j(s)=[ 1  4 11 21 30 37],	c_s=4912

LB: 26654.5
GAP: 0.0
NBEB: 3

Heuristic processing time: 0 min 6 s
Total time elapsed: 1 min 2 s

--------------------------------------------------
machine: 5
jobs: 30
w: [18 19 16 13 19 12 17 13 11 12 10 20 12 15 16 15 16 20 10 17 16 18 17 18
 18 20 14 15 20 10]
p: [18 14 19 11 15 12 10 19 13 13 17 14 10 14 12 13 16 18 17 19 14 11 12 15
 15 18 20 10 10 10]
smith_order: [28  6 21 27 11 22  1 14  4 23 24 12  3 15 20 17 25 13  5 29 16  0  9 19
  8  2 26  7 10 18]
serial schedule cost - UB: 87764

	+++RESULTS+++
optimum total cost: 20334.0
processing time LB, Hmin: 69.8
processing time UB, Hmax: 101.8
selected schedule: [25, 35, 37, 38, 39]
	M1 <- [11, 23, 17, 16, 2],	C_j(s)=[14 29 47 63 82],	c_s=4062
	M2 <- [6, 1, 24, 13, 9, 26],	C_j(s)=[10 24 39 53 66 86],	c_s=4119
	M3 <- [21, 4, 15, 29, 0, 7],	C_j(s)=[11 26 39 49 67 86],	c_s=4091
	M4 <- [28, 22, 3, 25, 19, 18],	C_j(s)=[10 22 33 51 70 87],	c_s=4083
	M5 <- [27, 14, 12, 20, 5, 8, 10],	C_j(s)=[10 22 32 46 58 71 88],	c_s=3979

LB: 20334.0
GAP: 0.0
NBEB: 0

Heuristic processing time: 0 min 7 s
Total time elapsed: 0 min 7 s

--------------------------------------------------
machine: 5
jobs: 30
w: [14 19 13 14 20 10 18 20 19 14 16 15 10 18 17 15 10 10 12 12 14 11 13 14
 15 11 18 14 20 17]
p: [18 14 14 15 20 10 19 17 14 16 12 14 16 16 18 20 11 13 17 15 13 12 11 19
 14 17 13 12 10 17]
smith_order: [28 26  1  8 10 22  7 27 13 20 24 11 29  4  5  6 14  3  2 21 16  9 19  0
 17 15 23 18 25 12]
serial schedule cost - UB: 88712

	+++RESULTS+++
optimum total cost: 20486.0
processing time LB, Hmin: 73.4
processing time UB, Hmax: 105.4
selected schedule: [7, 8, 24, 27, 39]
	M1 <- [10, 7, 29, 16, 19, 18],	C_j(s)=[12 29 46 57 72 89],	c_s=4056
	M2 <- [8, 20, 4, 2, 17, 25],	C_j(s)=[14 27 47 61 74 91],	c_s=4118
	M3 <- [1, 13, 5, 3, 21, 15],	C_j(s)=[14 30 40 55 67 87],	c_s=4018
	M4 <- [28, 22, 24, 6, 9, 23],	C_j(s)=[10 21 35 54 70 89],	c_s=4196
	M5 <- [26, 27, 11, 14, 0, 12],	C_j(s)=[13 25 39 57 75 91],	c_s=4098

LB: 20485.5
GAP: 0.0
NBEB: 7

Heuristic processing time: 0 min 6 s
Total time elapsed: 0 min 8 s

--------------------------------------------------
machine: 5
jobs: 30
w: [17 17 18 17 14 14 14 20 18 14 19 12 11 17 13 11 11 19 18 19 18 16 19 16
 17 18 13 13 12 18]
p: [20 18 15 17 11 10 17 19 12 15 12 15 18 20 11 16 13 17 12 10 20 18 11 16
 18 10 14 18 20 15]
smith_order: [19 25 22 10  8 18  5  4 29  2 14 17  7  3 23  1 24  9 26 20 21 13  0 16
  6 11 27 15 12 28]
serial schedule cost - UB: 94078

	+++RESULTS+++
optimum total cost: 21792.0
processing time LB, Hmin: 75.6
processing time UB, Hmax: 107.6
selected schedule: [5, 6, 7, 8, 9]
	M1 <- [19, 5, 17, 1, 13, 11],	C_j(s)=[10 20 37 55 75 90],	c_s=4463
	M2 <- [10, 29, 3, 21, 16, 12],	C_j(s)=[12 27 44 62 75 93],	c_s=4302
	M3 <- [25, 18, 7, 9, 0, 15],	C_j(s)=[10 22 41 56 76 92],	c_s=4484
	M4 <- [22, 4, 14, 24, 20, 27],	C_j(s)=[11 22 33 51 71 89],	c_s=4248
	M5 <- [8, 2, 23, 26, 6, 28],	C_j(s)=[12 27 43 57 74 94],	c_s=4295

LB: 21792.0
GAP: 0.0
NBEB: 0

Heuristic processing time: 0 min 7 s
Total time elapsed: 0 min 8 s

--------------------------------------------------