
machine: 5
jobs: 40
w: [55 67 95 45 72  4 88 57 43  1 15 98 95 22 13 27 98  6 43  2  2 14 40 24
 69 80  5 88 46 21 10 87 10 97 90 36 14 35 69 13]
p: [ 50  26  33  35  77  48  48 100  94   6  10  47  89   5  49  26  96  90
  27  46  19  83  41  68  60  63  90  96  83  84  64  91  71  86  40  86
  18  89  48   7]
smith_order: [13  2  1 34 11 39  6 18 10 38  3 25 24 33  0 12 15 16 22 31  4 27 36  7
 28  8 35 37 23 14 29 21  9 30 32 20  5 17 26 19]
serial schedule cost - UB: 1211266

	+++RESULTS+++
optimum total cost: 290258.0
processing time LB, Hmin: 377.8
processing time UB, Hmax: 537.8
selected schedule: [40, 41, 42, 43, 44]
	M1 <- [11, 25, 16, 36, 8, 14, 20, 5],	C_j(s)=[ 47 110 206 224 318 367 386 434],	c_s=57683
	M2 <- [1, 38, 12, 4, 37, 21],	C_j(s)=[ 26  74 163 240 329 412],	c_s=56896
	M3 <- [34, 18, 33, 22, 7, 23, 32, 19],	C_j(s)=[ 40  67 153 194 294 362 433 479],	c_s=59816
	M4 <- [2, 10, 3, 0, 31, 28, 29, 17],	C_j(s)=[ 33  43  78 128 219 302 386 476],	c_s=58237
	M5 <- [13, 39, 6, 24, 15, 27, 35, 9, 30, 26],	C_j(s)=[  5  12  60 120 146 242 328 334 398 488],	c_s=57626

LB: 290258.0
GAP: 0.0
NBEB: 0

Heuristic processing time: 0 min 24 s
Total time elapsed: 0 min 26 s

--------------------------------------------------
machine: 5
jobs: 40
w: [20 18 16 10 20 17 12 16 14 19 11 12 18 13 15 17 11 13 14 10 19 20 18 15
 18 13 10 14 17 20 18 16 10 11 12 18 12 14 16 17]
p: [18 14 19 20 11 15 17 18 20 13 18 14 16 17 17 15 14 10 10 17 13 20 11 17
 15 16 19 12 19 15 10 18 11 10 12 18 11 12 15 15]
smith_order: [ 4 30 22  9 20 18 29 17  1 24 37 27 39  5 15 12  0 33 36 38 35 34 21 32
 28 31  7 23 14 11  2 25 16 13  6  8 10 19 26  3]
serial schedule cost - UB: 156256

	+++RESULTS+++
optimum total cost: 34987.0
processing time LB, Hmin: 104.4
processing time UB, Hmax: 136.4
selected schedule: [10, 11, 12, 13, 14]
	M1 <- [4, 18, 37, 5, 35, 28, 13, 26],	C_j(s)=[ 11  21  33  48  66  85 102 121],	c_s=6961
	M2 <- [20, 1, 15, 38, 31, 11, 16, 3],	C_j(s)=[ 13  27  42  57  75  89 103 123],	c_s=6990
	M3 <- [9, 24, 0, 36, 32, 14, 25, 10],	C_j(s)=[ 13  28  46  57  68  85 101 119],	c_s=6932
	M4 <- [30, 29, 39, 33, 21, 23, 6, 19],	C_j(s)=[ 10  25  40  50  70  87 104 121],	c_s=7073
	M5 <- [22, 17, 27, 12, 34, 7, 2, 8],	C_j(s)=[ 11  21  33  49  61  79  98 118],	c_s=7031

LB: 34986.999999999876
GAP: 0.0
NBEB: 0

Heuristic processing time: 0 min 24 s
Total time elapsed: 0 min 25 s

--------------------------------------------------
machine: 5
jobs: 40
w: [ 63  63  58  80  81  51  88  42  52  66  46  90   6  35 100  15  26  53
   7  81  98  25   2  90   8  77  86  91  14  25  32  53  52  98  58  87
  74  67  26  27]
p: [ 94  30  76  50  70  63  91  65  83 100  99  48  91  10  28  93  56  41
  38  85  83  91  26  55   9   7  57  79   3  91  70  24  93  28  63  79
  37  63  34  42]
smith_order: [25 28 14 13 33 31  1 36 11 23  3 26 17 20  4 27 35 37  6 19 34 24  5 38
  2  0  9  7 39  8 32 10 16 30 21 29 18 15 22 12]
serial schedule cost - UB: 1624557

	+++RESULTS+++
optimum total cost: 380634.0
processing time LB, Hmin: 389.0
processing time UB, Hmax: 549.0
selected schedule: [20, 21, 22, 23, 24]
	M1 <- [33, 23, 27, 34, 38, 8, 29, 22],	C_j(s)=[ 28  83 162 225 259 342 433 459],	c_s=74267
	M2 <- [14, 3, 4, 19, 0, 16, 15],	C_j(s)=[ 28  78 148 233 327 383 476],	c_s=77600
	M3 <- [28, 31, 36, 17, 37, 24, 5, 39, 32, 21],	C_j(s)=[  3  27  64 105 168 177 240 282 375 466],	c_s=75450
	M4 <- [13, 11, 20, 6, 9, 30, 18],	C_j(s)=[ 10  58 141 232 332 402 440],	c_s=77660
	M5 <- [25, 1, 26, 35, 2, 7, 10, 12],	C_j(s)=[  7  37  94 173 249 314 413 504],	c_s=75657

LB: 380634.0
GAP: 0.0
NBEB: 0

Heuristic processing time: 0 min 25 s
Total time elapsed: 0 min 27 s

--------------------------------------------------
machine: 5
jobs: 40
w: [61 74 88 18 83 55 56 60 82 77 41 22 61 24 18 21 86 39 51 93 95 86 70 93
 72 81 39 25 17 48 41 17 95 27 14 87 15 96 79 48]
p: [ 8  3  3  1  4  4  7  6  1  9  2  1  1  6  2  2  1  5  2  1  4  3  7  4
  4  3  3 10  5  9  4  1  5  7  9 10  7  6  4  2]
smith_order: [19 16  8 12  2 21 25 18  1 39 20 23 11  4 10 38 32  3 24 31 37  5 26 15
 30 22  7 14 35  9  6 17  0 29 13 33 28 27 36 34]
serial schedule cost - UB: 114904

	+++RESULTS+++
optimum total cost: 27154.0
processing time LB, Hmin: 27.2
processing time UB, Hmax: 43.2
selected schedule: [0, 1, 2, 3, 4]
	M1 <- [19, 21, 11, 10, 38, 26, 14, 9, 33],	C_j(s)=[ 1  4  5  7 11 14 16 25 32],	c_s=5326
	M2 <- [16, 25, 4, 31, 5, 30, 6, 13, 34],	C_j(s)=[ 1  4  8  9 13 17 24 30 39],	c_s=5249
	M3 <- [8, 18, 1, 32, 3, 7, 0, 27],	C_j(s)=[ 1  3  6 11 12 18 26 36],	c_s=5506
	M4 <- [12, 39, 20, 37, 15, 35, 28, 36],	C_j(s)=[ 1  3  7 13 15 25 30 37],	c_s=5673
	M5 <- [2, 23, 24, 22, 17, 29],	C_j(s)=[ 3  7 11 18 23 32],	c_s=5400

LB: 27154.0
GAP: 0.0
NBEB: 0

Heuristic processing time: 0 min 24 s
Total time elapsed: 0 min 25 s

--------------------------------------------------
machine: 5
jobs: 40
w: [25 72 17 52 99 50 78 10 61  4 83 96 97 96 66 73 59 77 94 12 94 92 73 82
 67 79  9 60 82 29 88 18 19 76 47 19 18 46 24 37]
p: [ 4 23 66 81  4 97 26 77 38  4 75 16 37 65 86 83 50 42 49 58 25 34 42 96
 61 96 96 15 62 77 69 59 15 97 36  8 84 67 44  8]
smith_order: [ 4  0 11 39 27 20  1  6 21 12 35 18 17 22  8 13 28 34 30 32 16 10 24  9
 15 23 25 33 14 37  3 38  5 29 31  2 36 19  7 26]
serial schedule cost - UB: 1344491

	+++RESULTS+++
optimum total cost: 318672.0
processing time LB, Hmin: 336.8
processing time UB, Hmax: 492.0
selected schedule: [6, 9, 14, 25, 38]
	M1 <- [4, 20, 35, 22, 34, 10, 14, 29, 26],	C_j(s)=[  4  29  37  79 115 190 276 353 449],	c_s=63261
	M2 <- [0, 1, 18, 30, 23, 3, 36],	C_j(s)=[  4  27  76 145 241 322 406],	c_s=65762
	M3 <- [11, 21, 8, 32, 16, 25, 5, 19],	C_j(s)=[ 16  50  88 103 153 249 346 404],	c_s=64307
	M4 <- [39, 6, 17, 28, 9, 15, 37, 31, 7],	C_j(s)=[  8  34  76 138 142 225 292 351 428],	c_s=61139
	M5 <- [27, 12, 13, 24, 33, 38, 2],	C_j(s)=[ 15  52 117 178 275 319 385],	c_s=64203

LB: 318671.3333333334
GAP: 0.0
NBEB: 1

Heuristic processing time: 0 min 25 s
Total time elapsed: 1 min 16 s

--------------------------------------------------
machine: 5
jobs: 40
w: [ 45  21  42  93  48  80  88  58  47  46 100  98  46  77  32  11  96  18
  95  63  19  41  20  89  41  60  80  44  41  48  36  63  66  48  28  23
  18  12  42  40]
p: [ 1  8  6  9  6  7 10  5  7  4  7  5  6  8  2  8  9  5  5  2  1  7  9  4
  5  6  1  3  6  5  8  2  9  8  3  1  9  2  9  1]
smith_order: [26  0 39 19 31 35 23 11 20 18 14 27 10  7  9  5 16  3 25 13 29 34  6 24
  4 12 32  2 28  8 33 37 21 38 30 17  1 22 36 15]
serial schedule cost - UB: 148135

	+++RESULTS+++
optimum total cost: 34618.0
processing time LB, Hmin: 35.8
processing time UB, Hmax: 51.8
selected schedule: [0, 1, 2, 3, 4]
	M1 <- [31, 20, 14, 7, 25, 6, 33, 1],	C_j(s)=[ 2  3  5 10 16 26 34 42],	c_s=6685
	M2 <- [19, 18, 9, 13, 12, 8, 17, 36],	C_j(s)=[ 2  7 11 19 25 32 37 46],	c_s=6908
	M3 <- [26, 23, 27, 16, 34, 32, 37, 38],	C_j(s)=[ 1  5  8 17 20 29 31 40],	c_s=7035
	M4 <- [0, 35, 10, 3, 24, 2, 21, 22],	C_j(s)=[ 1  2  9 18 23 29 36 45],	c_s=7202
	M5 <- [39, 11, 5, 29, 4, 28, 30, 15],	C_j(s)=[ 1  6 13 18 24 30 38 46],	c_s=6788

LB: 34618.0
GAP: 0.0
NBEB: 0

Heuristic processing time: 0 min 11 s
Total time elapsed: 0 min 12 s

--------------------------------------------------
machine: 5
jobs: 40
w: [14 11 13 13 11 10 10 15 16 10 16 20 18 13 19 18 13 12 13 15 19 14 12 20
 19 17 12 14 13 20 11 11 19 14 11 19 20 10 19 13]
p: [15 10 19 12 12 18 12 18 10 11 15 13 14 17 18 19 13 16 20 20 20 16 12 13
 10 14 17 19 17 12 12 18 12 16 14 20 16 16 11 11]
smith_order: [24 38 29  8 32 23 11 12 36 25 39  1  3 10 14 22 16 35 20 15  0  4 30  9
 33 21  6  7 34 13 28 19 17 27 26  2 18 37 31  5]
serial schedule cost - UB: 149574

	+++RESULTS+++
optimum total cost: 33521.0
processing time LB, Hmin: 103.6
processing time UB, Hmax: 135.6
selected schedule: [20, 21, 22, 23, 24]
	M1 <- [24, 23, 1, 22, 0, 9, 28, 17, 37],	C_j(s)=[ 10  23  33  45  60  71  88 104 120],	c_s=6695
	M2 <- [29, 36, 14, 15, 7, 27, 31],	C_j(s)=[ 12  28  46  65  83 102 120],	c_s=6837
	M3 <- [8, 11, 39, 16, 4, 33, 34, 26, 5],	C_j(s)=[ 10  23  34  47  59  75  89 106 124],	c_s=6863
	M4 <- [32, 25, 10, 35, 21, 19, 2],	C_j(s)=[ 12  26  41  61  77  97 116],	c_s=6526
	M5 <- [38, 12, 3, 20, 30, 6, 13, 18],	C_j(s)=[ 11  25  37  57  69  81  98 118],	c_s=6600

LB: 33521.00000000004
GAP: 0.0
NBEB: 0

Heuristic processing time: 0 min 25 s
Total time elapsed: 0 min 25 s

--------------------------------------------------
machine: 5
jobs: 40
w: [16 11 10 19 18 11 10 18 13 15 11 16 17 12 18 12 10 12 18 19 13 11 18 14
 18 19 14 11 18 18 15 17 20 12 18 16 12 12 15 15]
p: [19 17 20 20 11 12 11 10 12 14 12 11 20 13 12 14 11 11 14 13 18 13 17 14
 20 18 14 14 16 18 10 20 13 10 18 16 10 11 18 20]
smith_order: [ 7  4 32 14 30 19 11 18 33 36 28 37 17  8  9 22 25 29 34 35 26 23  3 13
  5 10  6 16 24 15 12 31 21  0 38 27 39 20  1  2]
serial schedule cost - UB: 153303

	+++RESULTS+++
optimum total cost: 34280.0
processing time LB, Hmin: 101.0
processing time UB, Hmax: 133.0
selected schedule: [45, 46, 47, 48, 49]
	M1 <- [7, 19, 17, 25, 26, 5, 0, 20],	C_j(s)=[ 10  23  34  52  66  78  97 115],	c_s=6842
	M2 <- [30, 11, 37, 22, 23, 16, 15, 21, 1],	C_j(s)=[ 10  21  32  49  63  74  88 101 118],	c_s=6839
	M3 <- [14, 18, 8, 29, 13, 10, 31, 27],	C_j(s)=[ 12  26  38  56  69  81 101 115],	c_s=6887
	M4 <- [32, 36, 9, 35, 6, 24, 38, 2],	C_j(s)=[ 13  23  37  53  64  84 102 122],	c_s=6841
	M5 <- [4, 33, 28, 34, 3, 12, 39],	C_j(s)=[ 11  21  37  55  75  95 115],	c_s=6871

LB: 34280.0
GAP: 0.0
NBEB: 0

Heuristic processing time: 0 min 25 s
Total time elapsed: 0 min 25 s

--------------------------------------------------
machine: 5
jobs: 40
w: [18 15 12 17 16 20 17 12 15 20 14 11 20 18 12 10 12 18 18 14 19 11 17 12
 13 20 16 19 16 10 18 14 14 16 14 13 20 17 13 15]
p: [17 20 17 19 12 14 19 13 15 19 14 13 15 16 20 18 14 20 14 15 15 19 14 12
 12 17 12 18 13 18 10 19 19 18 11 10 12 12 17 20]
smith_order: [30 36  5 37 26  4 12 35 18 34 20 28 22 25 13 24  0 27  9 23 10  8 19  7
 17  3  6 33 16 11 38  1 39 32 31  2 14 21 15 29]
serial schedule cost - UB: 165603

	+++RESULTS+++
optimum total cost: 37037.0
processing time LB, Hmin: 108.4
processing time UB, Hmax: 140.4
selected schedule: [11, 12, 13, 14, 31]
	M1 <- [12, 34, 25, 10, 3, 11, 32, 29],	C_j(s)=[ 15  26  43  57  76  89 108 126],	c_s=7365
	M2 <- [30, 4, 20, 0, 8, 33, 38, 14],	C_j(s)=[ 10  22  37  54  69  87 104 124],	c_s=7474
	M3 <- [37, 35, 28, 24, 23, 19, 16, 31, 21],	C_j(s)=[ 12  22  35  47  59  74  88 107 126],	c_s=7345
	M4 <- [36, 26, 22, 27, 7, 6, 39, 15],	C_j(s)=[ 12  24  38  56  69  88 108 126],	c_s=7538
	M5 <- [5, 18, 13, 9, 17, 1, 2],	C_j(s)=[ 14  28  44  63  83 103 120],	c_s=7315

LB: 37037.0
GAP: 0.0
NBEB: 0

Heuristic processing time: 0 min 24 s
Total time elapsed: 0 min 25 s

--------------------------------------------------
machine: 5
jobs: 40
w: [ 18  84  59  30  53  69  76  25  58  52  50  12 100  37  11  40  43  59
  64  39  73  83  74  38  75  11   5  12  86  20  24  76  98  34  76  48
  36  89  57  17]
p: [ 27  97  58  68  68  85  28  12  55  99  90  12  33  64  54  32  62  53
  48  45  71  56  34  26  63  29  18  30  66  66   2   9  42  77  99  98
  44 100  47  40]
smith_order: [30 31 12  6 32 22  7 21 23 18 28 15 38 24 17  8 20  2 11 37 19  1 36  5
  4 34 16  0 13 10  9 35 33  3 39 27 25 29 26 14]
serial schedule cost - UB: 1476929

	+++RESULTS+++
optimum total cost: 344087.0
processing time LB, Hmin: 341.4
processing time UB, Hmax: 501.4
selected schedule: [3, 26, 29, 46, 48]
	M1 <- [32, 15, 24, 19, 34, 35, 25],	C_j(s)=[ 42  74 137 182 281 379 408],	c_s=68485
	M2 <- [30, 22, 28, 2, 36, 4, 9, 27, 26],	C_j(s)=[  2  36 102 160 204 272 371 401 419],	c_s=68883
	M3 <- [31, 7, 21, 17, 11, 1, 0, 10, 29],	C_j(s)=[  9  21  77 130 142 239 266 356 422],	c_s=68078
	M4 <- [12, 18, 8, 37, 16, 33, 39],	C_j(s)=[ 33  81 136 236 298 375 415],	c_s=69995
	M5 <- [6, 23, 38, 20, 5, 13, 3, 14],	C_j(s)=[ 28  54 101 172 257 321 389 443],	c_s=68646

LB: 344087.0
GAP: 0.0
NBEB: 0

Heuristic processing time: 0 min 27 s
Total time elapsed: 0 min 29 s

--------------------------------------------------
machine: 5
jobs: 40
w: [51 69 70 76 60 82 53 77 86 39 43 89 11 50 92 80 35 63 12 68 67 53 41 62
 83 71 38 71 25 48 72 21 28 53 15 31 16 53 96 76]
p: [ 8  2  5  7  8  8 10  6  9  7  5  2  7  9  8  8 10  4  9  5 10  3  1  8
  5  1  1  8 10  7  7  8  7  7 10  6  9  1  9  1]
smith_order: [39 25 37 11 22 26  1 21 24 17  2 19  7 14  3 38 30  5 15  8 27 10 23 33
  4 29 20  0  9 13  6 35 32 16 31 28 36 12 34 18]
serial schedule cost - UB: 174624

	+++RESULTS+++
optimum total cost: 40663.0
processing time LB, Hmin: 43.2
processing time UB, Hmax: 59.2
selected schedule: [8, 15, 23, 34, 37]
	M1 <- [37, 1, 19, 30, 27, 20, 35, 28],	C_j(s)=[ 1  3  8 15 23 33 39 49],	c_s=8162
	M2 <- [11, 17, 14, 8, 29, 6, 36],	C_j(s)=[ 2  6 14 23 30 40 49],	c_s=8166
	M3 <- [22, 26, 2, 38, 10, 33, 9, 32, 34],	C_j(s)=[ 1  2  7 16 21 28 35 42 52],	c_s=7851
	M4 <- [39, 24, 3, 15, 4, 13, 31, 18],	C_j(s)=[ 1  6 13 21 29 38 46 55],	c_s=8508
	M5 <- [25, 21, 7, 5, 23, 0, 16, 12],	C_j(s)=[ 1  4 10 18 26 34 44 51],	c_s=7976

LB: 40662.5
GAP: 0.0
NBEB: 1

Heuristic processing time: 0 min 24 s
Total time elapsed: 0 min 29 s

--------------------------------------------------
machine: 5
jobs: 40
w: [61 51 22 29 65 16 12 16 82 67 68 76 54 93 99 42 30 40 61 27 92 69 96 45
 93 15 73 49 59 98 65 12 45 60 95 42 98 18 59 20]
p: [10  8  2  1  2 10  9  9  1  4  1  5  1  8  2  1  7  5  3  3  3  7  9  8
  3  9  3  4  8 10  9  8  3  9  5  7  1  2 10  3]
smith_order: [36  8 10 12 14 15  4 24 20  3 26 18 34  9 11 32 27 13  2 22 21 29 37 19
 17 28 30 39 33  1  0 35 38 23 16  7 25  5 31  6]
serial schedule cost - UB: 128409

	+++RESULTS+++
optimum total cost: 30431.0
processing time LB, Hmin: 34.6
processing time UB, Hmax: 50.6
selected schedule: [10, 11, 12, 13, 14]
	M1 <- [12, 15, 3, 18, 13, 37, 30, 35, 25],	C_j(s)=[ 1  2  3  6 14 16 25 32 41],	c_s=5765
	M2 <- [8, 4, 34, 2, 29, 39, 0, 7],	C_j(s)=[ 1  3  8 10 20 23 33 42],	c_s=6362
	M3 <- [36, 24, 11, 21, 28, 38, 31],	C_j(s)=[ 1  4  9 16 24 34 42],	c_s=6184
	M4 <- [10, 20, 9, 27, 19, 17, 1, 16, 6],	C_j(s)=[ 1  4  8 12 15 20 28 35 44],	c_s=5771
	M5 <- [14, 26, 32, 22, 33, 23, 5],	C_j(s)=[ 2  5  8 17 26 34 44],	c_s=6349

LB: 30430.999999999905
GAP: 0.0
NBEB: 0

Heuristic processing time: 0 min 25 s
Total time elapsed: 0 min 25 s

--------------------------------------------------
machine: 5
jobs: 40
w: [81 11 52 14 25 92 99 79 84 82 55 34 81 19 92 64 88 75 78 65 98 18 21 16
 85 21 70 12 15 87 12 61 96 85 95 24 62 18 31 11]
p: [ 8 10  9  3 10  9  9  6  7  6  9  5  2  8  4  5  6  9  7  6 10  4  8  9
  5  1  5  4  6  8  4 10  7  3  8  4  1  3  3 10]
smith_order: [36 12 33 14 25 24 16 26 32  9  7 15  8 34 18  6 29 19 38  5  0 20 17 11
 10 31 35 37  2  3 21 27 30 22  4 28 13 23  1 39]
serial schedule cost - UB: 179320

	+++RESULTS+++
optimum total cost: 41876.0
processing time LB, Hmin: 42.2
processing time UB, Hmax: 58.2
selected schedule: [5, 6, 7, 8, 9]
	M1 <- [36, 24, 7, 19, 0, 10, 27, 13],	C_j(s)=[ 1  6 12 18 26 35 39 47],	c_s=8082
	M2 <- [14, 9, 29, 38, 17, 35, 3, 30, 23],	C_j(s)=[ 4 10 18 21 30 34 37 41 50],	c_s=8281
	M3 <- [33, 16, 8, 6, 11, 37, 21, 4],	C_j(s)=[ 3  9 16 25 30 33 37 47],	c_s=8321
	M4 <- [12, 32, 34, 5, 31, 22, 1],	C_j(s)=[ 2  9 17 26 36 44 54],	c_s=8747
	M5 <- [25, 26, 15, 18, 20, 2, 28, 39],	C_j(s)=[ 1  6 11 18 28 37 43 53],	c_s=8445

LB: 41875.39285714285
GAP: 0.0
NBEB: 1

Heuristic processing time: 0 min 24 s
Total time elapsed: 0 min 36 s

--------------------------------------------------
machine: 5
jobs: 40
w: [ 55  93  79  10  58  88  16  64  56  31  44  93  38  40 100  82  98  47
  57  22  68  35  29  49  27  76  87  62  25  27  67  27  88  97  49  64
  93  20  96  84]
p: [ 1  1 10  3  3 10  4  8  9  4  8  3  2  4  5  3  4  8  2 10  7  4  9  2
  2  4  5  8  1  2  4  2  6  3  2  9  6  1  1  7]
smith_order: [38  1  0 33 11 18 15 28 16 23 34 14 37  4 25 12 26 30 36 32 31 29 24 39
 13 20  5 21  7  2  9 27 35  8 17 10  6  3 22 19]
serial schedule cost - UB: 137909

	+++RESULTS+++
optimum total cost: 32400.0
processing time LB, Hmin: 29.4
processing time UB, Hmax: 45.4
selected schedule: [20, 21, 22, 24, 35]
	M1 <- [33, 23, 37, 12, 32, 5, 8, 3],	C_j(s)=[ 3  5  6  8 14 24 33 36],	c_s=6512
	M2 <- [1, 18, 34, 25, 31, 24, 13, 7, 17, 6],	C_j(s)=[ 1  3  5  9 11 13 17 25 33 37],	c_s=6264
	M3 <- [0, 15, 4, 30, 39, 2, 10],	C_j(s)=[ 1  4  7 11 18 28 36],	c_s=6834
	M4 <- [11, 14, 36, 21, 9, 35, 19],	C_j(s)=[ 3  8 14 18 22 31 41],	c_s=6579
	M5 <- [38, 28, 16, 26, 29, 20, 27, 22],	C_j(s)=[ 1  2  6 11 13 20 28 37],	c_s=6211

LB: 32400.0
GAP: 0.0
NBEB: 0

Heuristic processing time: 0 min 24 s
Total time elapsed: 0 min 24 s

--------------------------------------------------
machine: 5
jobs: 40
w: [45 62 98 10 71 49 43 78 61 65 27 94 56 30 15 86 34 67  3 38 66 60 60 62
 54 47  6 41 21 84 36 97 62 61 77 64 94 92 40 17]
p: [ 94  65  87  34   8  63  95  43  20  55 100  29  67  24   5  91  53  45
 100  95  16  58  14  23  35  90  88  75  96  23  41  10  63  81   3  90
  84  86  52  37]
smith_order: [34 31  4 22 20 29 11  8 14 23  7 24 17 13  9  2 36 37 21 32  1 15 30 12
  5 38 33 35 16 27 25  0 39  6 19  3 10 28 26 18]
serial schedule cost - UB: 1370608

	+++RESULTS+++
optimum total cost: 323186.0
processing time LB, Hmin: 367.6
processing time UB, Hmax: 527.6
selected schedule: [45, 46, 47, 48, 49]
	M1 <- [4, 11, 13, 36, 30, 5, 0, 28],	C_j(s)=[  8  37  61 145 186 249 343 439],	c_s=63057
	M2 <- [20, 14, 7, 9, 15, 38, 27, 10],	C_j(s)=[ 16  21  64 119 210 262 337 437],	c_s=68254
	M3 <- [34, 29, 17, 21, 1, 33, 39, 19],	C_j(s)=[  3  26  71 129 194 275 312 407],	c_s=64485
	M4 <- [22, 23, 2, 32, 35, 6, 26],	C_j(s)=[ 14  37 124 187 277 372 460],	c_s=63364
	M5 <- [31, 8, 24, 37, 12, 16, 25, 3, 18],	C_j(s)=[ 10  30  65 151 218 271 361 395 495],	c_s=64026

LB: 323186.0
GAP: 0.0
NBEB: 0

Heuristic processing time: 0 min 24 s
Total time elapsed: 0 min 26 s

--------------------------------------------------
machine: 5
jobs: 40
w: [71 20 85 35 39 35 98 84 80 44 51 42 93 10 43 45 62 78 32 84 28 80 51 43
 84 22 68 99 94 65 71 58 59 57 30 10 90 88 32 36]
p: [ 7  8  4  2  1  4  2  3  1  2  1  8  1  9  2  7  9  2 10  5  5  1 10  9
  3  2  1  1  5 10  8  8  2  3  1  9  1  6  3  3]
smith_order: [27 12 36  8 21 26 10  6  4 17 34 32  7 24  9 14  2 33 28  3 19 37 39 25
 38  0 30  5 31 16 29 15 20 11 22 23 18  1 13 35]
serial schedule cost - UB: 101139

	+++RESULTS+++
optimum total cost: 24195.0
processing time LB, Hmin: 27.8
processing time UB, Hmax: 43.8
selected schedule: [15, 16, 17, 18, 19]
	M1 <- [12, 10, 7, 19, 25, 30, 22, 13],	C_j(s)=[ 1  2  5 10 12 20 30 39],	c_s=5059
	M2 <- [27, 26, 32, 2, 39, 5, 29, 18],	C_j(s)=[ 1  2  4  8 11 15 25 35],	c_s=4817
	M3 <- [21, 6, 34, 14, 33, 0, 15, 23],	C_j(s)=[ 1  3  4  6  9 16 23 32],	c_s=4812
	M4 <- [8, 4, 24, 28, 38, 31, 20, 1],	C_j(s)=[ 1  2  5 10 13 21 26 34],	c_s=4560
	M5 <- [36, 17, 9, 3, 37, 16, 11, 35],	C_j(s)=[ 1  3  5  7 13 22 30 39],	c_s=4947

LB: 24194.999999999985
GAP: 0.0
NBEB: 0

Heuristic processing time: 0 min 24 s
Total time elapsed: 0 min 25 s

--------------------------------------------------
machine: 5
jobs: 40
w: [ 44 100  58  70  23  74   8  49  65  40  42  18  76  75 100  15   6  85
  61  37  99  20  25  10  71  46  71   8  67  48  51  45  26  59  60  32
  92  47  31  32]
p: [ 12  16 100  64  68  50  24  91  38  65  95  31  18  68  12  76  21  49
  75  92  25  36  83  38  20  97  20   8  98  92  28   3  15  54  49  53
  59  13  70  87]
smith_order: [31 14  1 12 20  0 37 26 24 30 17 32  8 36  5 34 13  3 33 27 18 28  9 35
 11  2 21  7 29 25 38 10 19 39  4  6 22 16 23 15]
serial schedule cost - UB: 1118329

	+++RESULTS+++
optimum total cost: 265104.0
processing time LB, Hmin: 322.6
processing time UB, Hmax: 482.6
selected schedule: [15, 16, 17, 18, 19]
	M1 <- [14, 37, 17, 13, 35, 7, 19],	C_j(s)=[ 12  25  74 142 195 286 378],	c_s=53555
	M2 <- [1, 0, 8, 3, 2, 10, 6, 16, 23],	C_j(s)=[ 16  28  66 130 230 325 349 370 408],	c_s=52304
	M3 <- [20, 36, 33, 9, 25, 39],	C_j(s)=[ 25  84 138 203 300 387],	c_s=52649
	M4 <- [31, 26, 30, 32, 34, 28, 21, 38, 22],	C_j(s)=[  3  23  51  66 115 213 249 319 402],	c_s=52175
	M5 <- [12, 24, 5, 27, 18, 11, 29, 4, 15],	C_j(s)=[ 18  38  88  96 171 202 294 362 438],	c_s=54421

LB: 265104.0
GAP: 0.0
NBEB: 0

Heuristic processing time: 0 min 24 s
Total time elapsed: 0 min 26 s

--------------------------------------------------
machine: 5
jobs: 40
w: [94 39 64 59 36 29 12 80 99 36 35 52 99 83 25 89 31 64 10 41 81 81 46 89
 30 20 69 36 82 22 23 35 94 56 75 60 50 93 35 84]
p: [ 8  4  4  8  7  3  4  7  9  2  3  1  1  9  4  2  9  2  8  1  6  3  7  4
  6  1 10  9  8 10  4  5  9  7  9  1 10  2  6  1]
smith_order: [12 39 35 11 37 15 19 17 21 23 25  9  2 20  0 10  7  8 32 28  1  5 13 34
 33  3 31 26 22 14 38 30  4 36 24 27 16  6 29 18]
serial schedule cost - UB: 144003

	+++RESULTS+++
optimum total cost: 33912.0
processing time LB, Hmin: 34.8
processing time UB, Hmax: 50.8
selected schedule: [20, 21, 22, 23, 24]
	M1 <- [37, 23, 8, 5, 33, 14, 36, 18],	C_j(s)=[ 2  6 15 18 25 29 39 47],	c_s=7272
	M2 <- [35, 15, 9, 7, 13, 31, 38, 16],	C_j(s)=[ 1  3  5 12 21 26 32 41],	c_s=6511
	M3 <- [12, 19, 25, 2, 10, 28, 3, 30, 24, 6],	C_j(s)=[ 1  2  3  7 10 18 26 30 36 40],	c_s=6299
	M4 <- [11, 21, 0, 1, 34, 22, 27],	C_j(s)=[ 1  4 12 16 25 32 41],	c_s=6951
	M5 <- [39, 17, 20, 32, 26, 4, 29],	C_j(s)=[ 1  3  9 18 28 35 45],	c_s=6879

LB: 33912.0
GAP: 0.0
NBEB: 0

Heuristic processing time: 0 min 24 s
Total time elapsed: 0 min 24 s

--------------------------------------------------
machine: 5
jobs: 40
w: [17 40 64 60 13 40 69 32 62 32 20 31 96 34 16 48 52 81 95  7 71  2 65 73
 55 64 90 32 90  9 21 56 62 69 10 66 19  7 61 55]
p: [ 26  90  72  87  41  30  13  10  25  41  21  92  24  33  80  85  42  71
  57  81  18  23  30   5   8  36  37  87  32   6  66  59  17  35  82  82
  13 100  43  36]
smith_order: [23 24  6 12 20 32  7 28  8 26 22 33 25 18 39 29 36 38  5 16 17 13 10 31
  2 35  9  3  0 15  1 27 11 30  4 14 34 21 19 37]
serial schedule cost - UB: 880090

	+++RESULTS+++
optimum total cost: 210772.0
processing time LB, Hmin: 287.2
processing time UB, Hmax: 447.2
selected schedule: [0, 1, 2, 3, 4]
	M1 <- [12, 33, 36, 5, 13, 3, 11, 21],	C_j(s)=[ 24  59  72 102 135 222 314 337],	c_s=40141
	M2 <- [6, 26, 39, 17, 9, 0, 30, 37],	C_j(s)=[ 13  50  86 157 198 224 290 390],	c_s=41808
	M3 <- [24, 28, 25, 16, 2, 1, 14],	C_j(s)=[  8  40  76 118 190 280 360],	c_s=44160
	M4 <- [20, 7, 22, 29, 38, 10, 35, 27, 34],	C_j(s)=[ 18  28  58  64 107 128 210 297 379],	c_s=42761
	M5 <- [23, 32, 8, 18, 31, 15, 4, 19],	C_j(s)=[  5  22  47 104 163 248 289 370],	c_s=41902

LB: 210771.99999999953
GAP: 0.0
NBEB: 0

Heuristic processing time: 0 min 24 s
Total time elapsed: 0 min 28 s

--------------------------------------------------
machine: 5
jobs: 40
w: [26 72 64 80 33 69 86  6 59 81 75  5 96  2 40 46 21 94 91 35 66 25 82 59
 97 81 16 21 65 46 38 38 51 61 35 81  6 62  7 84]
p: [ 8 74 41 91 61 90 90  1 99 70 95 50 69  3 16 69 33 23 96 96 40 67 80 24
  1 77 33 53 90 93 30 64 14 53 25 14 79 83 34  1]
smith_order: [24 39  7 35 17 32  0 14 23 20  2 34 12 30  9 33 25 22  1  6 18  3 10  5
 37 28 15 13 16  8 31  4 29 26 27 21 19 38 11 36]
serial schedule cost - UB: 1403877

	+++RESULTS+++
optimum total cost: 331760.0
processing time LB, Hmin: 346.8
processing time UB, Hmax: 505.2
selected schedule: [30, 31, 32, 33, 34]
	M1 <- [17, 12, 6, 37, 31, 27, 11],	C_j(s)=[ 23  92 182 265 329 382 432],	c_s=65760
	M2 <- [39, 32, 20, 30, 22, 10, 16, 29, 36],	C_j(s)=[  1  15  55  85 165 260 293 386 465],	c_s=67438
	M3 <- [24, 7, 14, 34, 33, 18, 28, 4, 21],	C_j(s)=[  1   2  18  43  96 192 282 343 410],	c_s=65561
	M4 <- [0, 23, 9, 1, 5, 13, 8, 38],	C_j(s)=[  8  32 102 176 266 269 368 402],	c_s=66448
	M5 <- [35, 2, 25, 3, 15, 26, 19],	C_j(s)=[ 14  55 132 223 292 325 421],	c_s=66553

LB: 331760.0
GAP: 0.0
NBEB: 0

Heuristic processing time: 0 min 24 s
Total time elapsed: 0 min 28 s

--------------------------------------------------
machine: 5
jobs: 40
w: [ 90  89  32  35  17  63  52  77  53  59  28  78  93  56  23  27  28  38
  80  46  64  93  35  99  71  58  70  61  37  90  77 100  78  66  76  34
  51  86  42  26]
p: [ 4 10  7  4  4  6  5  2  9 10  5  8  6  2  8  3  8  2  4  7  8 10  3 10
  5  7  1  2  5  8  8  5  5  1  3  2  1  5  7  4]
smith_order: [26 33 36  7 27 13 34  0 31 18 17 37 35 32 12 24 22 29  5  6 23 11 30 21
 15  1  3 25 20 28 19 39 38  9  8 10  2  4 16 14]
serial schedule cost - UB: 175241

	+++RESULTS+++
optimum total cost: 40614.0
processing time LB, Hmin: 34.8
processing time UB, Hmax: 50.8
selected schedule: [0, 1, 2, 3, 4]
	M1 <- [26, 13, 17, 32, 6, 21, 28, 38, 16],	C_j(s)=[ 1  3  5 10 15 25 30 37 45],	c_s=8237
	M2 <- [7, 31, 29, 30, 3, 19, 2],	C_j(s)=[ 2  7 15 23 27 34 41],	c_s=7796
	M3 <- [36, 34, 37, 22, 5, 1, 39, 8],	C_j(s)=[ 1  4  9 12 18 28 32 41],	c_s=8180
	M4 <- [27, 18, 12, 11, 15, 20, 10, 14],	C_j(s)=[ 2  6 12 20 23 31 36 44],	c_s=7903
	M5 <- [33, 0, 35, 24, 23, 25, 9, 4],	C_j(s)=[ 1  5  7 12 22 29 39 43],	c_s=8498

LB: 40614.0
GAP: 0.0
NBEB: 0

Heuristic processing time: 0 min 11 s
Total time elapsed: 0 min 12 s

--------------------------------------------------
machine: 5
jobs: 40
w: [81 13 66 11 34 82 51 44 97 39 11 34 91 12 34 61 27 72 19 35 41 10 20 13
 48 71 21 71 25 83 60 69 57 87 75 46 35 17 97 25]
p: [ 5  2  8  1  2  1  3  5  4  7  4  3  8  3  3  9  9  9  8  4  1  2  8 10
  1  3  9  7  1  3  8  5  3 10 10  7  4  7  5  9]
smith_order: [ 5 24 20 29 28  8 25 38 32  6  4  0 31 12 11 14  3 27  7 19 36 33  2 17
 30 34 15 35  1  9 21 13 16 39 10 22 37 18 26 23]
serial schedule cost - UB: 120582

	+++RESULTS+++
optimum total cost: 28513.0
processing time LB, Hmin: 34.2
processing time UB, Hmax: 50.2
selected schedule: [45, 46, 47, 48, 49]
	M1 <- [28, 8, 31, 19, 2, 35, 10, 18],	C_j(s)=[ 1  5 10 14 22 29 33 41],	c_s=5618
	M2 <- [5, 25, 6, 14, 7, 17, 9, 39],	C_j(s)=[ 1  4  7 10 15 24 31 40],	c_s=5660
	M3 <- [20, 38, 11, 3, 33, 15, 22, 23],	C_j(s)=[ 1  6  9 10 20 29 37 47],	c_s=5899
	M4 <- [24, 32, 0, 27, 30, 1, 21, 13, 26],	C_j(s)=[ 1  4  9 16 24 26 28 31 40],	c_s=5411
	M5 <- [29, 4, 12, 36, 34, 16, 37],	C_j(s)=[ 3  5 13 17 27 36 43],	c_s=5925

LB: 28512.99999999999
GAP: 0.0
NBEB: 0

Heuristic processing time: 0 min 24 s
Total time elapsed: 0 min 24 s

--------------------------------------------------
machine: 5
jobs: 40
w: [70 44 25 15 98 99 10 46 16 24 99 39 40 98 77 37 24 22 55 33 96 27 24 76
 75 63 94 35 59 88 65 58 15 35 89 71 34 61 70 77]
p: [ 4  2  4  2  6  1  2  8  2  5  5  6  8  7  7  7  6  9  4  8  6  1  1  5
  1  2  8 10  3 10  2  8  9  4  7  1  4  8  7  7]
smith_order: [ 5 24 35 30 25 21 22  1 10 28  0  4 20 23 13 18 34 26 14 39 38 29 33 36
  8 37  3 31 11  2  7 15 12  6  9 19 16 27 17 32]
serial schedule cost - UB: 142295

	+++RESULTS+++
optimum total cost: 33384.0
processing time LB, Hmin: 33.4
processing time UB, Hmax: 49.4
selected schedule: [0, 1, 2, 4, 44]
	M1 <- [35, 1, 0, 18, 39, 37, 15, 19],	C_j(s)=[ 1  3  7 11 18 26 33 41],	c_s=6844
	M2 <- [5, 21, 22, 20, 26, 33, 3, 2, 12, 32],	C_j(s)=[ 1  2  3  9 17 21 23 27 35 44],	c_s=6502
	M3 <- [30, 28, 23, 14, 36, 31, 9, 17],	C_j(s)=[ 2  5 10 17 21 29 34 43],	c_s=6652
	M4 <- [24, 10, 13, 38, 8, 11, 6, 27],	C_j(s)=[ 1  6 13 20 22 28 30 40],	c_s=6487
	M5 <- [25, 4, 34, 29, 7, 16],	C_j(s)=[ 2  8 15 25 33 39],	c_s=6899

LB: 33384.0
GAP: 0.0
NBEB: 0

Heuristic processing time: 0 min 24 s
Total time elapsed: 0 min 25 s

--------------------------------------------------
machine: 5
jobs: 40
w: [ 65  44  76  60  10  69  41  44  92  42  22 100  69  68  51  70  96  57
  72  67  88  41  90  91  85  46  10  35  83  67  57  51  42  49  65  90
  43  66  37  24]
p: [ 9  6  4  8 10  3 10  2  5  6  2  8  6  8  2  2  9  8  6 10  9  4  4  4
  1  6 10  5  8  1  1  3  6  8  3  9  9  7  8  5]
smith_order: [24 29 30 15 14  5 23 22  7 34  2  8 31 11 18 12 10 16 28 21 35 20 37 13
 25  3  1  0 17 32  9 27 19 33 39 36 38  6  4 26]
serial schedule cost - UB: 182834

	+++RESULTS+++
optimum total cost: 42353.0
processing time LB, Hmin: 39.0
processing time UB, Hmax: 55.0
selected schedule: [30, 31, 32, 33, 34]
	M1 <- [15, 7, 2, 10, 21, 20, 0, 27, 39, 26],	C_j(s)=[ 2  4  8 10 14 23 32 37 42 52],	c_s=8645
	M2 <- [29, 5, 8, 16, 13, 32, 33, 4],	C_j(s)=[ 1  4  9 18 26 32 40 50],	c_s=8471
	M3 <- [30, 23, 31, 12, 37, 3, 9, 6],	C_j(s)=[ 1  5  8 14 21 29 35 45],	c_s=8327
	M4 <- [14, 34, 11, 35, 1, 17, 38],	C_j(s)=[ 2  5 13 22 28 36 44],	c_s=8619
	M5 <- [24, 22, 18, 28, 25, 19, 36],	C_j(s)=[ 1  5 11 19 25 35 44],	c_s=8291

LB: 42353.0
GAP: 0.0
NBEB: 0

Heuristic processing time: 0 min 12 s
Total time elapsed: 0 min 12 s

--------------------------------------------------
machine: 5
jobs: 40
w: [40  2 51 93 62 93 36 76 52 97 74 89 26 74 58 66 78 82 82 93 76 92 52  1
 73 58 59  7 54 64 82 82 81 52 65 51 63 52 66 25]
p: [ 16   7  93  49  83  51  41  70  45  24  13  44  47   6  98   7  10   5
  17  61  68  63  77  53  31  22  51  95  77  22  97  10  23  89  88  20
  60  11  19 100]
smith_order: [17 13 15 31 16 10 18 37  9 32 38 29 25 35  0 24 11  3  5 19 21 26  8 20
  7 36  6 30  4 34 28 22 14 33 12  2  1 39 27 23]
serial schedule cost - UB: 1242898

	+++RESULTS+++
optimum total cost: 295399.0
processing time LB, Hmin: 292.6
processing time UB, Hmax: 452.6
selected schedule: [20, 21, 22, 23, 24]
	M1 <- [13, 18, 25, 3, 8, 30, 14, 1],	C_j(s)=[  6  23  45  94 139 236 334 341],	c_s=60316
	M2 <- [15, 9, 35, 19, 36, 28, 2],	C_j(s)=[  7  31  51 112 172 249 342],	c_s=58210
	M3 <- [31, 37, 29, 11, 26, 6, 34, 12, 27],	C_j(s)=[ 10  21  43  87 138 179 267 314 409],	c_s=55375
	M4 <- [16, 32, 0, 5, 20, 4, 33, 23],	C_j(s)=[ 10  33  49 100 168 251 340 393],	c_s=61116
	M5 <- [17, 10, 38, 24, 21, 7, 22, 39],	C_j(s)=[  5  18  37  68 131 201 278 378],	c_s=60382

LB: 295399.0
GAP: 0.0
NBEB: 0

Heuristic processing time: 0 min 12 s
Total time elapsed: 0 min 16 s

--------------------------------------------------
machine: 5
jobs: 40
w: [14 14 16 10 12 11 17 17 10 16 12 16 12 20 16 11 18 13 13 10 11 20 16 17
 13 14 19 16 14 13 12 20 19 17 13 20 12 16 14 15]
p: [19 15 20 16 14 13 11 14 20 13 15 14 16 17 16 12 13 13 19 16 18 20 18 10
 13 12 14 19 13 14 10 19 13 18 11 18 19 14 17 10]
smith_order: [23  6 39 32 16 26  9  7 30 34 13 25 11 37 35 28 31 17 14 21 24 33  1 29
 15 22  4  5 27 38  2 10 12  0 18 36  3 19 20  8]
serial schedule cost - UB: 155424

	+++RESULTS+++
optimum total cost: 34754.0
processing time LB, Hmin: 105.2
processing time UB, Hmax: 137.2
selected schedule: [15, 16, 17, 18, 19]
	M1 <- [16, 13, 35, 24, 15, 5, 18, 3],	C_j(s)=[ 13  30  48  61  73  86 105 121],	c_s=6911
	M2 <- [39, 26, 11, 17, 33, 27, 10, 8],	C_j(s)=[ 10  24  38  51  69  88 103 123],	c_s=6924
	M3 <- [32, 7, 37, 14, 1, 38, 12, 19],	C_j(s)=[ 13  27  41  57  72  89 105 121],	c_s=6998
	M4 <- [6, 30, 34, 28, 21, 22, 0, 36],	C_j(s)=[ 11  21  32  45  65  83 102 121],	c_s=6993
	M5 <- [23, 9, 25, 31, 29, 4, 2, 20],	C_j(s)=[ 10  23  35  54  68  82 102 120],	c_s=6928

LB: 34754.00000000009
GAP: 0.0
NBEB: 0

Heuristic processing time: 0 min 12 s
Total time elapsed: 0 min 12 s

--------------------------------------------------
machine: 5
jobs: 40
w: [15 12 15 19 17 12 10 13 13 16 16 17 14 10 15 17 14 17 17 11 17 16 19 20
 20 16 20 11 14 12 17 18 18 12 12 12 15 20 19 18]
p: [19 12 13 20 18 14 11 20 10 10 20 18 18 15 13 18 19 12 15 15 13 15 16 18
 17 15 19 10 19 13 18 11 13 12 10 18 19 12 19 13]
smith_order: [37 31  9 17 32 39 20  8 34 22 24  2 14 18 23 27 21 25 26 38  1 33  3  4
 15 30 11 29  6  5 10  0 36 12 16 28 19 13 35  7]
serial schedule cost - UB: 166844

	+++RESULTS+++
optimum total cost: 37244.0
processing time LB, Hmin: 106.0
processing time UB, Hmax: 138.0
selected schedule: [20, 21, 22, 23, 24]
	M1 <- [17, 8, 24, 26, 3, 5, 19, 13],	C_j(s)=[ 12  22  39  58  78  92 107 122],	c_s=7413
	M2 <- [31, 20, 18, 25, 4, 29, 12, 7],	C_j(s)=[ 11  24  39  54  72  85 103 123],	c_s=7418
	M3 <- [37, 34, 2, 27, 1, 15, 6, 36, 35],	C_j(s)=[ 12  22  35  45  57  75  86 105 123],	c_s=7394
	M4 <- [32, 22, 23, 38, 11, 0, 28],	C_j(s)=[ 13  29  47  66  84 103 122],	c_s=7660
	M5 <- [9, 39, 14, 21, 33, 30, 10, 16],	C_j(s)=[ 10  23  36  51  63  81 101 120],	c_s=7359

LB: 37244.0
GAP: 0.0
NBEB: 0

Heuristic processing time: 0 min 11 s
Total time elapsed: 0 min 12 s

--------------------------------------------------
machine: 5
jobs: 40
w: [ 22  34  22  51 100  88  76  67  91  31  73  48  95  18  56  72  68  56
  31  83  90  50  89  48  48  12  58  73  14  85  48  30  78  37  46  86
  99  52  11  11]
p: [10  9  8  3  7  7  6  1  2  5  2  5  4 10  4  2  2  7  5  8  4  1  7  6
 10  9 10  5  6 10  2  2  5  3  4  5  5  2  5  7]
smith_order: [ 7 21  8 10 15 16 37 30 12 20 36 35  3 32 31 27  4 14 22  6  5 33 34 19
 11 29 17 23 18  9 26 24  1  2 28  0 38 13 39 25]
serial schedule cost - UB: 139203

	+++RESULTS+++
optimum total cost: 32706.0
processing time LB, Hmin: 35.0
processing time UB, Hmax: 51.0
selected schedule: [35, 36, 37, 38, 39]
	M1 <- [8, 37, 35, 22, 11, 26, 0],	C_j(s)=[ 2  4  9 16 21 31 41],	c_s=6296
	M2 <- [7, 16, 36, 4, 34, 23, 18, 28, 25],	C_j(s)=[ 1  3  8 15 19 25 30 36 45],	c_s=6611
	M3 <- [21, 12, 3, 31, 6, 29, 1, 38],	C_j(s)=[ 1  5  8 10 16 26 35 40],	c_s=6289
	M4 <- [15, 30, 32, 14, 33, 19, 9, 2, 39],	C_j(s)=[ 2  4  9 13 16 24 29 37 44],	c_s=6547
	M5 <- [10, 20, 27, 5, 17, 24, 13],	C_j(s)=[ 2  6 11 18 25 35 45],	c_s=6963

LB: 32706.0
GAP: 0.0
NBEB: 0

Heuristic processing time: 0 min 14 s
Total time elapsed: 0 min 14 s

--------------------------------------------------
machine: 5
jobs: 40
w: [34  5 61 33 93 70 61 90 74 94 28 73 20 85 23 68  8 86  2 36 75 17  3 87
 40 60 45 26 62 78  1 42 33 96 43 98 13 12 78 36]
p: [ 25   3  28   6  53  14  64  18  87  21  60  72  84  55  99  37  57  60
  84  40  30  69  98  29  54  95  98  27  77  46  93  53  98  73  92  75
  38  65  16 100]
smith_order: [ 3  5  7 38  9 23 20  2 15  4 29  1 13 17  0 33 35 11 27  6 19  8 28 31
 24 25 34 10 26 39 36 32 21 12 14 37 16 22 18 30]
serial schedule cost - UB: 1158108

	+++RESULTS+++
optimum total cost: 276127.0
processing time LB, Hmin: 378.6
processing time UB, Hmax: 538.6
selected schedule: [20, 21, 22, 23, 24]
	M1 <- [38, 2, 1, 33, 6, 24, 39, 37, 22],	C_j(s)=[ 16  44  47 120 184 238 338 403 501],	c_s=54938
	M2 <- [3, 23, 29, 0, 27, 8, 34, 12, 18],	C_j(s)=[  6  35  81 106 133 220 312 396 480],	c_s=55199
	M3 <- [7, 4, 35, 28, 10, 36, 21, 30],	C_j(s)=[ 18  71 146 223 283 321 390 483],	c_s=55567
	M4 <- [5, 20, 13, 11, 25, 32, 16],	C_j(s)=[ 14  44  99 171 266 364 421],	c_s=56518
	M5 <- [9, 15, 17, 19, 31, 26, 14],	C_j(s)=[ 21  58 118 158 211 309 408],	c_s=53905

LB: 276127.0
GAP: 0.0
NBEB: 0

Heuristic processing time: 0 min 14 s
Total time elapsed: 0 min 18 s

--------------------------------------------------