
machine: 5
jobs: 50
w: [86 98 94 85 61 31 52  4 94  9 59 28 94 72 11 39  8  1 67 65 57 22 31 62
 80 57 75 89 42 36 92  7 94  5 21  8 72 43 61  4 16 36 37 10 74 33 72 88
 42 20]
p: [ 11  87  39  94  20  57  20  87  82  77   4  16  93  36  90  98  18  33
  26  40  98  15  25  39  54  38  18  95  90  22   4  89  70  94  85  42
   3 100  18  60  84  85   5  27  31  84  26   6  26  51]
smith_order: [36 30 10 47  0 42 26 38  4 46  6 18  2 44 13 11 29 19 48 23 25 24 21 32
 22  8  1 12 27  3 20  5 28 16 37 41 15 45 49 43 34 40 35 14  9 31 39 33
  7 17]
serial schedule cost - UB: 1369033

	+++RESULTS+++
optimum total cost: 322667.0
processing time LB, Hmin: 422.4
processing time UB, Hmax: 582.4
selected schedule: [20, 21, 22, 23, 24]
	M1 <- [36, 42, 6, 13, 24, 12, 28, 49, 40, 7],	C_j(s)=[  3   8  28  64 118 211 301 352 436 523],	c_s=64600
	M2 <- [47, 4, 44, 29, 32, 3, 16, 15, 14, 17],	C_j(s)=[  6  26  57  79 149 243 261 359 449 482],	c_s=65347
	M3 <- [30, 38, 18, 48, 25, 22, 27, 37, 43, 35, 31],	C_j(s)=[  4  22  48  74 112 137 232 332 359 401 490],	c_s=63817
	M4 <- [0, 46, 11, 19, 21, 1, 5, 41, 34, 39],	C_j(s)=[ 11  37  53  93 108 195 252 337 422 482],	c_s=63359
	M5 <- [10, 26, 2, 23, 8, 20, 45, 9, 33],	C_j(s)=[  4  22  61 100 182 280 364 441 535],	c_s=65544

LB: 322667.0000000002
GAP: 0.0
NBEB: 0

Heuristic processing time: 0 min 37 s
Total time elapsed: 0 min 44 s

--------------------------------------------------

machine: 5
jobs: 50
w: [74 89 75 60 42 97 88 36 41 62 21 43 95 21 76  1 89  7 58 75 39 60 93 95
 23  8 83 46 47 46  9 54 38 46 22 36 75 34 17 97 40 80 25  1  7 93 99  2
 67 94]
p: [93 31 90 52 31 40 75 39 51 54 93 90 79 84  7 20 44 81 88 73  3 65 15 10
 96 37  5 25 24 55 88  1 98 31  5 68 94 47 24 68 55 80 62 50 98  5 21 33
 84 73]
smith_order: [31 45 26 20 14 23 22 46 34  1  5 16 28 27 33 39  4 49 12  6  3  9 19 41
  7 21 29  2  8 36 48  0 40 37 38 18 35 11 42 32 13 24 10 25 30 17 44 47
 15 43]
serial schedule cost - UB: 1758729

	+++RESULTS+++
optimum total cost: 407691.0
processing time LB, Hmin: 448.6
processing time UB, Hmax: 605.4
selected schedule: [0, 1, 2, 3, 4]
	M1 <- [23, 34, 28, 33, 6, 21, 8, 40, 42, 24, 15, 43],	C_j(s)=[ 10  15  39  70 145 210 261 316 378 474 494 544],	c_s=76424
	M2 <- [26, 46, 27, 4, 3, 41, 0, 38, 32, 30],	C_j(s)=[  5  26  51  82 134 214 307 331 429 517],	c_s=83239
	M3 <- [20, 22, 16, 12, 7, 2, 37, 11, 25, 17],	C_j(s)=[  3  18  62 141 180 270 317 407 444 525],	c_s=82940
	M4 <- [31, 14, 5, 49, 19, 48, 18, 13, 44],	C_j(s)=[  1   8  48 121 194 278 366 450 548],	c_s=84382
	M5 <- [45, 1, 39, 9, 29, 36, 35, 10, 47],	C_j(s)=[  5  36 104 158 213 307 375 468 501],	c_s=80706

LB: 407690.9999999998
GAP: 0.0
NBEB: 0

Heuristic processing time: 0 min 37 s
Total time elapsed: 0 min 43 s

--------------------------------------------------
machine: 5
jobs: 50
w: [10 10 18 20 10 11 15 12 12 15 10 16 20 14 13 15 14 11 19 18 17 13 17 12
 15 16 13 10 13 20 18 13 17 17 16 18 15 19 16 17 12 14 20 17 14 16 11 18
 18 12]
p: [13 13 15 18 11 20 19 20 11 18 11 10 10 14 13 12 17 18 20 11 12 13 14 12
 20 10 10 14 17 13 13 11 15 17 13 11 11 13 19 17 11 12 17 13 19 13 12 13
 13 11]
smith_order: [12 35 19 11 25 29 37 20 47 48 30 36 43 26 15 34 45 22  2 31 42 41 32  3
 49  8 40 33 21 39 23 14 13 18 46 10  4 38  9 16  6  1  0 28 24 44 27 17
  7  5]
serial schedule cost - UB: 225422

	+++RESULTS+++
optimum total cost: 49406.0
processing time LB, Hmin: 124.6
processing time UB, Hmax: 156.6
selected schedule: [10, 11, 12, 13, 14]
	M1 <- [11, 37, 36, 34, 41, 49, 14, 10, 4, 24, 5],	C_j(s)=[ 10  23  34  47  59  70  83  94 105 125 145],	c_s=10064
	M2 <- [12, 20, 30, 45, 31, 8, 23, 46, 16, 0, 17],	C_j(s)=[ 10  22  35  48  59  70  82  94 111 124 142],	c_s=9953
	M3 <- [19, 47, 26, 2, 32, 21, 13, 9, 28, 27],	C_j(s)=[ 11  24  34  49  64  77  91 109 126 140],	c_s=9990
	M4 <- [25, 29, 43, 22, 3, 33, 38, 1, 44],	C_j(s)=[ 10  23  36  50  68  85 104 117 136],	c_s=9625
	M5 <- [35, 48, 15, 42, 40, 39, 18, 6, 7],	C_j(s)=[ 11  24  36  53  64  81 101 120 140],	c_s=9774

LB: 49406.00000000068
GAP: 0.0
NBEB: 0

Heuristic processing time: 0 min 39 s
Total time elapsed: 0 min 39 s

--------------------------------------------------
machine: 5
jobs: 50
w: [20 10 20 13 13 19 16 15 17 12 15 12 11 20 18 12 20 10 17 19 11 15 16 10
 12 20 19 12 11 16 19 15 14 10 17 16 20 13 14 18 11 15 13 12 11 17 13 10
 17 14]
p: [11 11 12 13 15 19 19 13 13 15 13 11 20 13 17 20 20 16 14 11 16 20 16 15
 18 15 11 13 17 13 16 17 20 16 12 13 11 16 11 13 16 10 17 11 16 12 20 18
 19 13]
smith_order: [ 0 36 26 19  2 13 41 45 34 39 25  8 38 35 29 18 30 10  7 11 43 49 14 16
 22  3  5 27  1 48 31  4  6 37  9 42 21 32 40 44 20 23 24 46 28 17 33 15
 47 12]
serial schedule cost - UB: 229181

	+++RESULTS+++
optimum total cost: 50304.0
processing time LB, Hmin: 133.4
processing time UB, Hmax: 165.4
selected schedule: [45, 46, 47, 48, 49]
	M1 <- [0, 13, 35, 10, 16, 31, 9, 20, 28, 47],	C_j(s)=[ 11  24  37  50  70  87 102 118 135 153],	c_s=10284
	M2 <- [36, 41, 25, 30, 5, 1, 37, 44, 23, 15],	C_j(s)=[ 11  21  36  52  71  82  98 114 129 149],	c_s=10018
	M3 <- [2, 39, 29, 11, 14, 27, 4, 21, 24, 33],	C_j(s)=[ 12  25  38  49  66  79  94 114 132 148],	c_s=10018
	M4 <- [19, 45, 8, 7, 43, 22, 6, 32, 40, 12],	C_j(s)=[ 11  23  36  49  60  76  95 115 131 151],	c_s=10115
	M5 <- [26, 34, 38, 18, 49, 3, 48, 42, 46, 17],	C_j(s)=[ 11  23  34  48  61  74  93 110 130 146],	c_s=9869

LB: 50304.0
GAP: 0.0
NBEB: 0

Heuristic processing time: 0 min 39 s
Total time elapsed: 0 min 40 s

--------------------------------------------------
machine: 5
jobs: 50
w: [ 5 28 27 57  6 50 95 99 28 95 35 99 44 50 16 82 67 13 21 86 10 92 15  9
 97 58 85 44 25 31 27 89  2 81 11  3 11  9 17 83 47 77 66 74 30 41 70 92
 46 95]
p: [71  7 25 31 17 10 38 88 27 98 71 44 87 44 56  2 50 33 88 30 64 23 11 72
 61  9 35 27  5 98 16 77 87 29  7 75 49 44 44 26 63 15 98 14 29 30 54 91
 34 29]
smith_order: [15 25 43 41 28  5 21  1 49 39 19 33  6 26 11  3 30 27 24 34 45 22 48 16
 46 31 13  7  2  8 44 47  9 40 42 12 10 17 38  4 29 14 18 36 37 20 23  0
 35 32]
serial schedule cost - UB: 1355594

	+++RESULTS+++
optimum total cost: 317698.0
processing time LB, Hmin: 368.2
processing time UB, Hmax: 525.0
selected schedule: [0, 1, 2, 3, 4]
	M1 <- [41, 19, 3, 45, 31, 2, 40, 29, 35],	C_j(s)=[ 15  45  76 106 183 208 271 369 444],	c_s=61114
	M2 <- [28, 21, 6, 27, 46, 8, 44, 42, 4, 36, 23],	C_j(s)=[  5  28  66  93 147 174 203 301 318 367 439],	c_s=64077
	M3 <- [15, 5, 49, 11, 48, 13, 9, 38, 18, 32],	C_j(s)=[  2  12  41  85 119 163 261 305 393 480],	c_s=65891
	M4 <- [25, 39, 26, 34, 22, 16, 47, 10, 17, 37, 0],	C_j(s)=[  9  35  70  77  88 138 229 300 333 377 448],	c_s=62320
	M5 <- [43, 1, 33, 30, 24, 7, 12, 14, 20],	C_j(s)=[ 14  21  50  66 127 215 302 358 422],	c_s=64296

LB: 317698.0
GAP: 0.0
NBEB: 0

Heuristic processing time: 0 min 38 s
Total time elapsed: 0 min 43 s

--------------------------------------------------
machine: 5
jobs: 50
w: [ 71 100  87  36  38  67  81  97  97  47  32  76  39  32  75  64  43  10
  22 100  23  26  87  97  72  29  70  36  26  33  72  64  86  49  90  97
  64  56  16  67  88  75  18  86  14  43  71  16  26  94]
p: [10  1  5 10  2 10  7  5  3  5  4  2  5  9  9  6  5  4  2  3  5  2  5  4
  8 10  6  8  4  7  8  3  3  5  3  9  2 10  2 10  5  3  3  8  4  6  9  4
 10  5]
smith_order: [ 1 11 19  8 36 34 32 41 23 31  7  4 49 40  2 22 21 26  6 18 35 43 15 33
  9 24 30 16 14 10 38 46 12 45  0  5 39 28 42 37 29 20 27 47  3 13 44 25
 48 17]
serial schedule cost - UB: 256759

	+++RESULTS+++
optimum total cost: 58076.0
processing time LB, Hmin: 47.6
processing time UB, Hmax: 63.6
selected schedule: [30, 31, 32, 33, 34]
	M1 <- [36, 32, 4, 22, 35, 16, 46, 37, 3],	C_j(s)=[ 2  5  7 12 21 26 35 45 55],	c_s=12008
	M2 <- [1, 34, 7, 26, 33, 30, 0, 42, 20, 13],	C_j(s)=[ 1  4  9 15 20 28 38 41 46 55],	c_s=11633
	M3 <- [11, 23, 49, 21, 15, 24, 38, 45, 28, 27, 44, 17],	C_j(s)=[ 2  6 11 13 19 27 29 35 39 47 51 55],	c_s=11205
	M4 <- [8, 41, 40, 18, 43, 14, 5, 29, 48],	C_j(s)=[ 3  6 11 13 21 30 40 47 57],	c_s=11764
	M5 <- [19, 31, 2, 6, 9, 10, 12, 39, 47, 25],	C_j(s)=[ 3  6 11 18 23 27 32 42 46 56],	c_s=11466

LB: 58076.0
GAP: 0.0
NBEB: 0

Heuristic processing time: 0 min 39 s
Total time elapsed: 0 min 39 s

--------------------------------------------------
machine: 5
jobs: 50
w: [ 45  53  98  15  80  25  26  64  83  25  30  25  30  80  68  86  32  68
  29  82  76  43  28  25  66  57  79  14  53  63  88  34 100  57  60  97
  44  31  49  53  51  52  68  93  72  99  42  94  38  59]
p: [ 1  5  1  2  2  6  8  8  6  6  9  3  8  8  6  3  3  2  3 10  6  5  3  4
  1  1  9  7  1 10  1  7  4  6  7  6  7  3  4  9 10  6  7 10  4  5 10  2
  5  5]
smith_order: [ 2 30 24 25 28 47  0  4 17 15 32 45 44 35  8 20 38 49 14 16  1 37 13 42
 18 33 22 43 26 41 21 34 11 19  7 48  3 29 36 23 39 40 31 46  9  5 12 10
  6 27]
serial schedule cost - UB: 233557

	+++RESULTS+++
optimum total cost: 52932.0
processing time LB, Hmin: 45.0
processing time UB, Hmax: 61.0
selected schedule: [15, 16, 17, 19, 33]
	M1 <- [28, 0, 32, 20, 16, 18, 22, 41, 11, 3, 36, 46, 27],	C_j(s)=[ 1  2  6 12 15 18 21 27 30 32 39 49 56],	c_s=10437
	M2 <- [2, 47, 45, 49, 13, 26, 29, 9, 6],	C_j(s)=[ 1  3  8 13 21 30 40 46 54],	c_s=11063
	M3 <- [24, 4, 44, 38, 37, 42, 21, 7, 39, 10],	C_j(s)=[ 1  3  7 11 14 21 26 34 43 52],	c_s=10344
	M4 <- [25, 15, 8, 1, 43, 19, 40, 5],	C_j(s)=[ 1  4 10 15 25 35 45 51],	c_s=10791
	M5 <- [30, 17, 35, 14, 33, 34, 48, 23, 31, 12],	C_j(s)=[ 1  3  9 15 21 28 33 37 44 52],	c_s=10297

LB: 52931.99999999999
GAP: 0.0
NBEB: 0

Heuristic processing time: 0 min 38 s
Total time elapsed: 0 min 39 s

--------------------------------------------------
machine: 5
jobs: 50
w: [14 13 19 14 20 10 16 12 17 18 19 12 20 16 15 13 15 10 20 16 17 16 17 11
 16 10 11 12 16 20 17 11 16 14 17 11 14 20 16 18 18 19 14 12 10 13 20 13
 10 18]
p: [12 14 14 12 16 16 19 10 10 17 15 10 20 14 19 10 17 15 17 14 10 13 16 19
 14 17 17 19 12 16 19 12 15 12 13 15 19 19 19 20 19 20 17 10 18 19 11 17
 14 20]
smith_order: [46 20  8  2 28 34 15 10  4 29 21 11  7 43 18 33  3  0 13 19 24 32 22  9
 37 12 41 40  1 31 49 39 30 16  6 38 42 14 47 36 35 48 45 17 26 27  5 25
 23 44]
serial schedule cost - UB: 252300

	+++RESULTS+++
optimum total cost: 55257.0
processing time LB, Hmin: 138.4
processing time UB, Hmax: 170.4
selected schedule: [10, 11, 12, 13, 14]
	M1 <- [2, 29, 33, 19, 37, 49, 38, 36, 27],	C_j(s)=[ 14  30  42  56  75  95 114 133 152],	c_s=11070
	M2 <- [8, 15, 21, 18, 22, 41, 6, 47, 17, 25],	C_j(s)=[ 10  20  33  50  66  86 105 122 137 154],	c_s=10890
	M3 <- [46, 10, 11, 0, 32, 40, 39, 42, 45, 5],	C_j(s)=[ 11  26  36  48  63  82 102 119 138 154],	c_s=11138
	M4 <- [20, 34, 7, 3, 24, 12, 31, 16, 35, 26, 44],	C_j(s)=[ 10  23  33  45  59  79  91 108 123 140 158],	c_s=11205
	M5 <- [28, 4, 43, 13, 9, 1, 30, 14, 48, 23],	C_j(s)=[ 12  28  38  52  69  83 102 121 135 154],	c_s=10954

LB: 55257.00000000001
GAP: 0.0
NBEB: 0

Heuristic processing time: 0 min 38 s
Total time elapsed: 0 min 40 s

--------------------------------------------------
machine: 5
jobs: 50
w: [28 99 59 38 45 70 54 82 81 41  1  7 13 52 64  2 78 11 42 62 18 21  9 45
 45 19 44 36 78 76 38 16 53 83 82 32  3 77 79 53 83 90  6 12 54 30 21  8
 66 89]
p: [ 48  26  53  21  70  84  90  17  61   8  87  23  57   1  99  38  18  96
  20  18  25  40  39  68  48  66  69  58  26  86  82 100  87  24  89  54
  17  93  86  98  34  45  67  44  10  33  39  15  85  14]
smith_order: [13 49 44  9  7 16  1 33 19 28 40 18 41  3  8  2 24 34 38 45 29  5 37 48
 20 23 14  4 26 27 32  6 35  0 39 46 47 21 30 11 25 43 22 12 36 31 17 42
 15 10]
serial schedule cost - UB: 1592270

	+++RESULTS+++
optimum total cost: 368245.0
processing time LB, Hmin: 435.2
processing time UB, Hmax: 595.2
selected schedule: [15, 16, 17, 18, 19]
	M1 <- [44, 33, 18, 2, 29, 23, 32, 21, 43, 17],	C_j(s)=[ 10  34  54 107 193 261 348 388 432 528],	c_s=75940
	M2 <- [49, 19, 41, 45, 5, 14, 39, 31],	C_j(s)=[ 14  32  77 110 194 293 391 491],	c_s=74371
	M3 <- [9, 1, 8, 38, 20, 4, 6, 25, 36, 15],	C_j(s)=[  8  34  95 181 206 276 366 432 449 487],	c_s=72109
	M4 <- [7, 28, 3, 24, 37, 26, 35, 46, 47, 11, 22, 42],	C_j(s)=[ 17  43  64 112 205 274 328 367 382 405 444 511],	c_s=71217
	M5 <- [13, 16, 40, 34, 48, 27, 0, 30, 12, 10],	C_j(s)=[  1  19  53 142 227 285 333 415 472 559],	c_s=74608

LB: 368245.0
GAP: 0.0
NBEB: 0

Heuristic processing time: 0 min 39 s
Total time elapsed: 0 min 53 s

--------------------------------------------------
machine: 5
jobs: 50
w: [13 11 10 13 19 15 11 10 20 13 17 16 20 15 14 15 13 12 12 16 13 13 15 10
 19 14 20 17 19 18 18 19 11 19 19 15 18 12 14 13 15 14 18 16 13 18 17 11
 11 16]
p: [19 15 12 16 18 19 15 13 16 12 11 14 11 20 19 12 18 19 17 13 15 15 11 15
 12 16 18 17 20 15 17 13 11 18 14 16 16 17 10 11 14 18 13 19 11 15 14 18
 20 16]
smith_order: [12 24 10 31 38 42 22 34  8 15 19 46 45 29 44 39 11 36 26  9 40 30  4 33
 49 32 27 28 35 25 21 20 43  2  3  5 41  7 13 14  1  6 16 37 18  0 23 17
 47 48]
serial schedule cost - UB: 247715

	+++RESULTS+++
optimum total cost: 54228.0
processing time LB, Hmin: 136.8
processing time UB, Hmax: 168.8
selected schedule: [30, 31, 32, 33, 34]
	M1 <- [31, 8, 44, 26, 32, 28, 2, 13, 18, 23],	C_j(s)=[ 13  29  40  58  69  89 101 121 138 153],	c_s=10968
	M2 <- [38, 42, 46, 11, 4, 49, 20, 41, 6, 17],	C_j(s)=[ 10  23  37  51  69  85 100 118 133 152],	c_s=10909
	M3 <- [12, 22, 19, 39, 40, 27, 21, 5, 14, 0],	C_j(s)=[ 11  22  35  46  60  77  92 111 130 149],	c_s=10535
	M4 <- [24, 15, 45, 36, 33, 25, 3, 7, 16, 48],	C_j(s)=[ 12  24  39  55  73  89 105 118 136 156],	c_s=10942
	M5 <- [10, 34, 29, 9, 30, 35, 43, 1, 37, 47],	C_j(s)=[ 11  25  40  52  69  85 104 119 136 154],	c_s=10874

LB: 54228.0
GAP: 0.0
NBEB: 0

Heuristic processing time: 0 min 38 s
Total time elapsed: 0 min 39 s

--------------------------------------------------
machine: 5
jobs: 50
w: [91 87 67 52 72 76 52 93 46 77 67 24 41 32 80 51 32 47 31 61 60 84 31 17
 90 74 19 99 57 35 13 63 25 51 88 12 60 36 62 61 23 86 42 81 64 35 50 90
 88 65]
p: [ 4  8  2  2  5  2  5  9  2 10 10  8  8  6  8  7  7  8  6  1  7  1 10  4
  2  8  1  6  8  8  7  3  7  1  9 10  1  7  2  8  2  5  9  9  6 10  3  9
  4  9]
smith_order: [21 19 36 33 24  5  2 38  3  8  0 48 31 26 41 46 27  4 40  1 44  6  7 47
 14 34 25 43 20  9 39 15 49 28 10 17 13 18 37 12 42 16 29 23 32 45 22 11
 30 35]
serial schedule cost - UB: 256882

	+++RESULTS+++
optimum total cost: 58281.0
processing time LB, Hmin: 50.8
processing time UB, Hmax: 66.8
selected schedule: [35, 36, 37, 38, 39]
	M1 <- [21, 5, 48, 40, 1, 25, 15, 17, 42, 11],	C_j(s)=[ 1  3  7  9 17 25 32 40 49 57],	c_s=11402
	M2 <- [19, 2, 8, 27, 7, 43, 28, 37, 29, 30],	C_j(s)=[ 1  3  5 11 20 29 37 44 52 59],	c_s=12070
	M3 <- [24, 0, 46, 44, 14, 9, 13, 12, 45],	C_j(s)=[ 2  6  9 15 23 33 39 47 57],	c_s=11687
	M4 <- [36, 38, 31, 4, 47, 20, 49, 18, 23, 32, 35],	C_j(s)=[ 1  3  6 11 20 27 36 42 46 53 63],	c_s=11341
	M5 <- [33, 3, 26, 41, 6, 34, 39, 10, 16, 22],	C_j(s)=[ 1  3  4  9 14 23 31 41 48 58],	c_s=11781

LB: 58281.0
GAP: 0.0
NBEB: 0

Heuristic processing time: 0 min 38 s
Total time elapsed: 0 min 39 s

--------------------------------------------------
machine: 5
jobs: 50
w: [12 11 19 10 14 13 18 12 17 15 15 15 12 20 13 17 11 11 10 14 17 11 17 12
 18 12 13 14 14 14 17 14 18 12 19 11 16 10 16 15 12 11 10 11 12 19 17 15
 20 13]
p: [16 12 16 11 10 15 17 17 12 14 19 13 13 12 10 14 13 10 15 19 15 18 18 15
 12 10 11 20 11 11 11 14 19 19 16 20 13 17 18 18 12 13 17 19 16 17 17 17
 20 13]
smith_order: [13 30 24  8  4 14 28 29 36 15 25 34  2 26 11 20 45 17  9  6 48 49 40 31
 46 32 22 12  1  3 38 47  5 16 41 39 23 10 44  0 19  7 27 18 33 21 42 37
 43 35]
serial schedule cost - UB: 228565

	+++RESULTS+++
optimum total cost: 50039.0
processing time LB, Hmin: 133.0
processing time UB, Hmax: 165.0
selected schedule: [35, 36, 37, 38, 39]
	M1 <- [24, 28, 34, 9, 46, 1, 39, 0, 18, 42],	C_j(s)=[ 12  23  39  53  70  82 100 116 131 148],	c_s=9848
	M2 <- [8, 29, 2, 6, 31, 3, 5, 16, 27, 21],	C_j(s)=[ 12  23  39  56  70  81  96 109 129 147],	c_s=9935
	M3 <- [30, 36, 26, 20, 40, 22, 38, 44, 7, 35],	C_j(s)=[ 11  24  35  50  62  80  98 114 131 151],	c_s=10149
	M4 <- [4, 14, 25, 45, 49, 32, 47, 10, 33, 37],	C_j(s)=[ 10  20  30  47  60  79  96 115 134 151],	c_s=10138
	M5 <- [13, 15, 11, 17, 48, 12, 41, 23, 19, 43],	C_j(s)=[ 12  26  39  49  69  82  95 110 129 148],	c_s=9969

LB: 50038.99999999988
GAP: 0.0
NBEB: 0

Heuristic processing time: 0 min 38 s
Total time elapsed: 0 min 40 s

--------------------------------------------------
machine: 5
jobs: 50
w: [49 49 20 73 15 43 75 17 34 30 72 94 75 65  4 50 72 98 77 10 14  5 17  6
 76 52 59 96 61 74 28 67 90  3 19 11 86 74 76 79 42 24 22 67 40 84 20 62
 81 72]
p: [ 51  91  59  15  22  68  76  42  27 100  54  47  73   9  54   9  56  32
  70  70  48  82  26  18  67  75  55  10  44  37  24  37  46  83   5  20
  74  56  78  15  94  87  85  64  71  32  63  50  95  99]
smith_order: [27 13 15 39  3 34 17 45 29 11 32 31 28 10 37 16  8 47 30 36 24 18 26 43
 12  6 38  0 48 49 25  4 22  5 44 35  1 40  7  2 23 46  9 20 41 42 19 14
 21 33]
serial schedule cost - UB: 1929276

	+++RESULTS+++
optimum total cost: 441900.0
processing time LB, Hmin: 453.0
processing time UB, Hmax: 613.0
selected schedule: [15, 16, 17, 18, 19]
	M1 <- [13, 34, 11, 10, 30, 43, 48, 44, 9, 14],	C_j(s)=[  9  14  61 115 139 203 298 369 469 523],	c_s=87418
	M2 <- [15, 17, 31, 8, 36, 38, 4, 22, 1, 23, 20, 21],	C_j(s)=[  9  41  78 105 179 257 279 305 396 414 462 544],	c_s=88636
	M3 <- [39, 32, 16, 24, 6, 5, 35, 2, 41, 33],	C_j(s)=[ 15  61 117 184 260 328 348 407 494 577],	c_s=88242
	M4 <- [27, 45, 28, 47, 26, 0, 49, 7, 46, 19],	C_j(s)=[ 10  42  86 136 191 242 341 383 446 516],	c_s=86436
	M5 <- [3, 29, 37, 18, 12, 25, 40, 42],	C_j(s)=[ 15  52 108 178 251 326 420 505],	c_s=91168

LB: 441900.0
GAP: 0.0
NBEB: 0

Heuristic processing time: 0 min 39 s
Total time elapsed: 0 min 44 s

--------------------------------------------------
machine: 5
jobs: 50
w: [11 10 18 13 11 12 12 11 20 17 16 18 12 19 11 18 17 20 18 10 13 13 17 17
 16 15 15 19 11 18 17 13 18 19 17 20 10 17 20 17 13 19 18 13 18 10 18 14
 11 19]
p: [14 11 15 18 14 18 20 16 10 19 18 18 14 16 16 18 11 17 10 12 12 20 19 17
 17 19 10 10 19 13 16 18 13 20 12 18 13 15 20 18 15 15 16 17 13 19 15 12
 12 11]
smith_order: [ 8 27 18 49 16 26 34 44 29 32 41 46  2 13 17 47 37 42 35 20 30 15 38 11
 23 33 39 24 48  1  9 22 10 40 12 19 25  4  0 36 43 31  3 14  7  5 21  6
 28 45]
serial schedule cost - UB: 251472

	+++RESULTS+++
optimum total cost: 55112.0
processing time LB, Hmin: 137.8
processing time UB, Hmax: 169.8
selected schedule: [15, 17, 18, 19, 47]
	M1 <- [16, 32, 13, 35, 23, 1, 10, 4, 14, 5],	C_j(s)=[ 11  24  40  58  75  86 104 118 134 152],	c_s=10934
	M2 <- [18, 34, 46, 37, 15, 39, 40, 19, 43, 21],	C_j(s)=[ 10  22  37  52  70  88 103 115 132 152],	c_s=11041
	M3 <- [49, 29, 17, 20, 38, 48, 22, 36, 31, 6],	C_j(s)=[ 11  24  41  53  73  85 104 117 135 155],	c_s=11098
	M4 <- [8, 44, 2, 42, 11, 24, 12, 0, 3, 28],	C_j(s)=[ 10  23  38  54  72  89 103 117 135 154],	c_s=10962
	M5 <- [27, 26, 41, 47, 30, 33, 9, 25, 7, 45],	C_j(s)=[ 10  20  35  47  63  83 102 121 137 156],	c_s=11077

LB: 55112.00000000004
GAP: 0.0
NBEB: 0

Heuristic processing time: 0 min 37 s
Total time elapsed: 0 min 39 s

--------------------------------------------------
machine: 5
jobs: 50
w: [18 19 12 12 12 18 20 11 18 12 17 18 15 12 11 18 19 19 11 14 15 20 17 16
 15 12 10 16 13 19 11 13 15 14 14 14 10 19 13 20 12 19 18 13 12 16 14 18
 18 20]
p: [16 17 18 15 18 20 15 13 18 17 18 20 12 11 10 17 10 11 19 10 16 11 15 20
 19 17 20 11 14 11 17 11 13 10 12 11 20 11 12 19 13 16 18 17 18 18 15 20
 19 13]
smith_order: [16 21 37 29 17 49 27 33 19  6 35 12 41 31 34 32 22  0  1 14 13 38 15 39
  8 42 48 10 20 46 28 40  5 47 11 45  7 23  3 24 43  9 25 44  4  2 30 18
 26 36]
serial schedule cost - UB: 245640

	+++RESULTS+++
optimum total cost: 53875.0
processing time LB, Hmin: 136.4
processing time UB, Hmax: 168.4
selected schedule: [20, 21, 22, 23, 24]
	M1 <- [37, 33, 12, 22, 15, 10, 5, 3, 4, 26],	C_j(s)=[ 11  21  33  48  65  83 103 118 136 156],	c_s=10857
	M2 <- [17, 27, 41, 1, 8, 11, 45, 24, 2],	C_j(s)=[ 11  22  38  55  73  93 111 130 148],	c_s=10818
	M3 <- [21, 19, 35, 34, 13, 42, 28, 40, 43, 25, 36],	C_j(s)=[ 11  21  32  44  55  73  87 100 117 134 154],	c_s=10552
	M4 <- [16, 49, 31, 0, 38, 48, 46, 23, 9, 30],	C_j(s)=[ 10  23  34  50  62  81  96 116 133 150],	c_s=10702
	M5 <- [29, 6, 32, 14, 39, 20, 47, 7, 44, 18],	C_j(s)=[ 11  26  39  49  68  84 104 117 135 154],	c_s=10946

LB: 53875.00000000001
GAP: 0.0
NBEB: 0

Heuristic processing time: 0 min 39 s
Total time elapsed: 0 min 40 s

--------------------------------------------------
machine: 5
jobs: 50
w: [18 11 14 14 20 12 14 12 11 14 19 10 10 16 11 16 15 12 14 19 18 16 12 15
 15 17 17 11 13 17 18 14 19 16 13 14 17 15 20 20 19 18 11 10 19 15 20 12
 19 14]
p: [17 10 15 12 14 15 11 10 17 16 10 14 11 17 10 16 14 19 20 16 15 18 18 13
 17 11 20 18 14 20 12 16 20 12 18 11 14 10 20 20 18 11 17 15 15 19 13 18
 18 16]
smith_order: [10 41 25 46 30 37  4 33 35  6 44 36 20  7 19  3 23  1 14 16  0 48 40 38
 39 15 32 13  2 28 12 21 24 49  9 31 26 29  5 45 34 11 18 43 22 47  8 42
 17 27]
serial schedule cost - UB: 249185

	+++RESULTS+++
optimum total cost: 54560.0
processing time LB, Hmin: 136.2
processing time UB, Hmax: 168.2
selected schedule: [25, 26, 27, 28, 29]
	M1 <- [10, 37, 44, 23, 48, 32, 9, 5, 47, 42],	C_j(s)=[ 10  20  35  48  66  86 102 117 135 152],	c_s=10887
	M2 <- [25, 4, 19, 14, 38, 2, 24, 45, 43, 27],	C_j(s)=[ 11  25  41  51  71  86 103 122 137 155],	c_s=11101
	M3 <- [46, 6, 7, 3, 0, 15, 21, 31, 18, 8],	C_j(s)=[ 13  24  34  46  63  79  97 113 133 150],	c_s=10692
	M4 <- [30, 35, 36, 16, 39, 28, 49, 29, 11, 22],	C_j(s)=[ 12  23  37  51  71  85 101 121 135 153],	c_s=11114
	M5 <- [41, 33, 20, 1, 40, 13, 12, 26, 34, 17],	C_j(s)=[ 11  23  38  48  66  83  94 114 132 151],	c_s=10766

LB: 54560.0
GAP: 0.0
NBEB: 0

Heuristic processing time: 0 min 39 s
Total time elapsed: 0 min 40 s

--------------------------------------------------
machine: 5
jobs: 50
w: [20 10 13 12 16 14 11 16 12 11 13 18 16 14 11 17 17 14 16 16 10 11 18 14
 15 20 17 10 17 17 19 13 14 18 15 12 10 17 14 16 11 15 14 14 20 20 18 13
 20 11]
p: [15 18 14 13 16 19 17 18 12 15 15 19 14 14 14 12 10 18 10 16 13 16 13 11
 20 19 11 17 12 12 11 13 18 13 16 13 11 12 13 13 17 13 15 17 18 15 16 18
 19 20]
smith_order: [30 16 18 26 29 37 15 28 22 33  0 45 23 39 41 12 46 44 38 25 48 19  4  8
 31 13 11 34 42  2  3 35 36  7 10 43 14 17 32 20 24  5  9 47 21  6 40 27
  1 49]
serial schedule cost - UB: 236041

	+++RESULTS+++
optimum total cost: 51692.0
processing time LB, Hmin: 132.8
processing time UB, Hmax: 164.8
selected schedule: [20, 21, 22, 23, 24]
	M1 <- [26, 28, 23, 12, 48, 11, 36, 17, 9, 6],	C_j(s)=[ 11  23  34  48  67  86  97 115 130 147],	c_s=10337
	M2 <- [16, 37, 45, 46, 4, 42, 7, 20, 47, 1],	C_j(s)=[ 10  22  37  53  69  84 102 115 133 151],	c_s=10539
	M3 <- [30, 22, 39, 44, 8, 34, 3, 14, 5, 40],	C_j(s)=[ 11  24  37  55  67  83  96 110 129 146],	c_s=10156
	M4 <- [29, 33, 41, 25, 31, 2, 10, 32, 21, 27],	C_j(s)=[ 12  25  38  57  70  84  99 117 133 150],	c_s=10254
	M5 <- [18, 15, 0, 38, 19, 13, 35, 43, 24, 49],	C_j(s)=[ 10  22  37  50  66  80  93 110 130 150],	c_s=10406

LB: 51691.999999999905
GAP: 0.0
NBEB: 0

Heuristic processing time: 0 min 18 s
Total time elapsed: 0 min 20 s

--------------------------------------------------
machine: 5
jobs: 50
w: [24 75 89 65 52 82 92 28 88 30 44 85 31 41 80 81 81 35 81 73 24 18 91 21
 27 69 50 67 13 15 58 32 13 22 26 98 37 13 31 52 37 60 72 93 63 39 88 53
 81 44]
p: [ 5  7 10  1  7  2  5 10 10 10  7  5  1  8  7  6  4  7  1  1  5  1  1  5
  2  8  5  3  5  9  5  5  1  9  9  6  5  6  3  7 10  4  3  9  2  3  1  9
  3  6]
smith_order: [22 46 18 19  3  5 44 12 48 42 27 16  6 21 11 35 41 24 15 32 45 30 14  1
 38 43 26  2  8 25  4 39 36 49 31 10 47 13 17 20  0 23 40  9 34  7 28 33
 37 29]
serial schedule cost - UB: 200359

	+++RESULTS+++
optimum total cost: 45805.0
processing time LB, Hmin: 44.8
processing time UB, Hmax: 60.8
selected schedule: [30, 31, 32, 33, 34]
	M1 <- [18, 5, 16, 15, 38, 26, 4, 47, 40, 37],	C_j(s)=[ 1  3  7 13 16 21 28 37 47 53],	c_s=9338
	M2 <- [3, 44, 6, 24, 30, 2, 36, 13, 34, 29],	C_j(s)=[ 1  3  8 10 15 25 30 38 47 56],	c_s=9085
	M3 <- [19, 42, 35, 1, 25, 49, 17, 9, 28],	C_j(s)=[ 1  4 10 17 25 31 38 48 53],	c_s=9164
	M4 <- [46, 48, 11, 32, 14, 8, 31, 20, 23, 7],	C_j(s)=[ 1  4  9 10 17 27 32 37 42 52],	c_s=9293
	M5 <- [22, 12, 27, 21, 41, 45, 43, 39, 10, 0, 33],	C_j(s)=[ 1  2  5  6 10 13 22 29 36 41 50],	c_s=8925

LB: 45805.0
GAP: 0.0
NBEB: 0

Heuristic processing time: 0 min 19 s
Total time elapsed: 0 min 20 s

--------------------------------------------------
machine: 5
jobs: 50
w: [21 82 55 98 46 76 24 21 93 51 34 18 58 51 40 42 48 36 38 87 63 14 88 46
 40 89 80 21 48 59 64 46 76 98 50 37 54 85 71 45 11 35 53 85 25 18 55 93
 79 54]
p: [ 7  7 10 10  1  9  7  2 10  9 10  1  1  2  1  6  7  3  6  6 10  1  1  9
  2  7 10  1 10  1  5  1  8  2  2 10 10  7  3  4  2  7  2  7  9  5 10  3
  9  5]
smith_order: [22 29 12 33  4 31 14 47 42 13 34 38 27 24 11 19 21 30 25 43 37 17  1 39
 49  7  3 32  8 48  5 26 15 16 18 20  9  2 46 40 36 23 41 28 35 45  6 10
  0 44]
serial schedule cost - UB: 239090

	+++RESULTS+++
optimum total cost: 54484.0
processing time LB, Hmin: 47.6
processing time UB, Hmax: 63.6
selected schedule: [35, 36, 37, 38, 39]
	M1 <- [33, 13, 24, 37, 49, 5, 18, 46, 40, 35],	C_j(s)=[ 2  4  6 13 18 27 33 43 45 55],	c_s=10918
	M2 <- [31, 4, 34, 21, 30, 17, 32, 26, 2, 41, 6],	C_j(s)=[ 1  2  4  5 10 13 21 31 41 48 55],	c_s=10847
	M3 <- [29, 47, 11, 25, 39, 8, 16, 36, 45, 0],	C_j(s)=[ 1  4  5 12 16 26 33 43 48 55],	c_s=10652
	M4 <- [12, 14, 38, 43, 7, 3, 15, 9, 28, 44],	C_j(s)=[ 1  2  5 12 14 24 30 39 49 58],	c_s=11210
	M5 <- [22, 42, 27, 19, 1, 48, 20, 23, 10],	C_j(s)=[ 1  3  4 10 17 26 36 45 55],	c_s=10857

LB: 54484.00000000015
GAP: 0.0
NBEB: 0

Heuristic processing time: 0 min 37 s
Total time elapsed: 0 min 38 s

--------------------------------------------------
machine: 5
jobs: 50
w: [40 57 85 80 50 38  7 56 81 17  1 84 73 19 90 45 70  3 69 20 46 48 94 26
 88 64 49  9 21 28  2 86 71 62 41 42 60 54 61 25 87 29 95 18 68 11  4  5
 43 44]
p: [53 32  5 70 22 49 20 40 84  6 50 37 81 83 76 36 81 96 44 83 78 95 59  2
  1 20 98 25 31 55 96 42  8 43 37 10 39 26 72 37 59 72 64 73 77 83 92 52
 78 14]
smith_order: [24  2 23 32 35 25 49  9  4 11 37 31  1 22 18 36 42 40 33  7 15 14  3 34
  8 12 44 16 38  5  0 28 39 20 48 29 21 26 41 27  6 43 19 13 45 47 46 17
 30 10]
serial schedule cost - UB: 1585906

	+++RESULTS+++
optimum total cost: 366328.0
processing time LB, Hmin: 438.8
processing time UB, Hmax: 595.6
selected schedule: [1, 9, 14, 45, 47]
	M1 <- [23, 49, 37, 18, 33, 8, 5, 48, 6, 43, 46],	C_j(s)=[  2  16  42  86 129 213 262 340 360 433 525],	c_s=71199
	M2 <- [35, 4, 22, 14, 16, 39, 26, 45],	C_j(s)=[ 10  32  91 167 248 285 383 466],	c_s=73982
	M3 <- [32, 31, 42, 3, 38, 20, 27, 19, 17],	C_j(s)=[  8  50 114 184 256 334 359 442 538],	c_s=75083
	M4 <- [2, 9, 11, 36, 7, 34, 12, 28, 29, 41, 47, 30],	C_j(s)=[  5  11  48  87 127 164 245 276 331 403 455 551],	c_s=71713
	M5 <- [24, 25, 1, 40, 15, 44, 0, 21, 13, 10],	C_j(s)=[  1  21  53 112 148 225 278 373 456 506],	c_s=74351

LB: 366328.0
GAP: 0.0
NBEB: 0

Heuristic processing time: 0 min 37 s
Total time elapsed: 0 min 46 s

--------------------------------------------------
machine: 5
jobs: 50
w: [ 21  66  59  22  53  52  14  34  49  90  65  28  54  34  52  72  60  12
  32  43  82  79  50  98  76  38  25   1  61  80  24  11  93 100   8  35
  28  65  89  15  56  14  56  27  62  22  82  65  15  35]
p: [55 67 37 35 21 13 73 68 85 40 42 85 55  8 52  2 12 13  3 59 86 94 48 45
 40  9 25 59 67 23  1 13 65 40 40 27 90 90 10 43 37 73  5 73 70 28 15 96
 42 90]
smith_order: [15 30 42 18 38 46 16 13 25  5 29  4 33  9 23 24  2 10 40 32 35 22 26 14
  1 12 20 17 28 44 31 21 45 19 37 47  3  8  7 49  0 43 48 39 11 36 34  6
 41 27]
serial schedule cost - UB: 1474543

	+++RESULTS+++
optimum total cost: 341398.0
processing time LB, Hmin: 377.0
processing time UB, Hmax: 530.6
selected schedule: [35, 36, 37, 38, 39]
	M1 <- [15, 16, 33, 10, 22, 28, 19, 7, 39, 34, 27],	C_j(s)=[  2  14  54  96 144 211 270 338 381 421 480],	c_s=65360
	M2 <- [42, 5, 9, 40, 14, 17, 31, 45, 37, 49, 6],	C_j(s)=[  5  18  58  95 147 160 173 201 291 381 454],	c_s=66251
	M3 <- [38, 29, 24, 35, 12, 44, 8, 43, 41],	C_j(s)=[ 10  33  73 100 155 225 310 383 456],	c_s=66813
	M4 <- [30, 18, 25, 23, 32, 20, 47, 48, 11],	C_j(s)=[  1   4  13  58 123 209 305 347 432],	c_s=72033
	M5 <- [46, 13, 4, 2, 26, 1, 21, 3, 0, 36],	C_j(s)=[ 15  23  44  81 106 173 267 302 357 447],	c_s=70941

LB: 341398.0
GAP: 0.0
NBEB: 0

Heuristic processing time: 0 min 37 s
Total time elapsed: 0 min 42 s

--------------------------------------------------
machine: 5
jobs: 50
w: [19 74 75 20 33 21 60 23  2 89  8 78 39 83 30 66 49 48 97 44 70 60  9 39
 20 21 68 42 55 73 88 44 72 53 38  4 95  7 70 75 53 32 49 77 54 41 72 21
 72 30]
p: [ 55  97  98  50   8  83  90  51  21  57  95  33  43  89  14  20  51  98
  45  19  29  11  76  50  60  42  76  99  88  78  40   2  87   1  77   3
  35  57  52  89  15  93   1  39  68   2  85  18 100   8]
smith_order: [33 42 31 45 21  4 49 40 15 36 20 11 19 30 18 14 43  9 38 35 47 16 29 13
 12 26 46 39 32 44 23  2  1 48  6 28 25 34 17  7 27  3  0 41 24  5 37 22
  8 10]
serial schedule cost - UB: 1841206

	+++RESULTS+++
optimum total cost: 424849.0
processing time LB, Hmin: 439.6
processing time UB, Hmax: 599.6
selected schedule: [15, 16, 17, 18, 19]
	M1 <- [31, 15, 30, 35, 47, 12, 46, 2, 17, 24, 37],	C_j(s)=[  2  22  62  65  83 126 211 309 407 467 524],	c_s=84824
	M2 <- [42, 4, 11, 43, 29, 32, 28, 25, 3, 5],	C_j(s)=[  1   9  42  81 159 246 334 376 426 509],	c_s=84653
	M3 <- [21, 20, 14, 38, 26, 44, 6, 7, 41, 8],	C_j(s)=[ 11  40  54 106 182 250 340 391 484 505],	c_s=84267
	M4 <- [45, 49, 36, 9, 13, 23, 48, 27, 10],	C_j(s)=[  2  10  45 102 191 241 341 440 535],	c_s=86299
	M5 <- [33, 40, 19, 18, 16, 39, 1, 34, 0, 22],	C_j(s)=[  1  16  35  80 131 220 317 394 449 525],	c_s=84806

LB: 424849.00000000425
GAP: 0.0
NBEB: 0

Heuristic processing time: 0 min 37 s
Total time elapsed: 0 min 42 s

--------------------------------------------------
machine: 5
jobs: 50
w: [ 76  57  91  80 100  43  60  97  55  23  63  13  95  15  19  62  96  85
  68  81  81  94  71  92  63  67  60  11  48  61  79  73  14  46  94  62
  17 100  59  26  73  19  45  56  66  14  47  75  43  96]
p: [10  3  3  7  7  1  7  7  6  2  9  4  4  3  4  8  4  6  6  7  2 10 10  7
  7  1  5  1  8  3  3  5  2  9  2  7  5 10  7  7  3  9 10  4  5  9  9  2
  6  6]
smith_order: [25 34  5 20 47  2 30 40 16 12 29  1 49 31  4 17 43  7 44 23 26 19  9  3
 18 27 37 21  8 24 35  6 38 15  0 48 22 10 32 28 46 33 13 14 42 39 36 11
 41 45]
serial schedule cost - UB: 283709

	+++RESULTS+++
optimum total cost: 64040.0
processing time LB, Hmin: 48.4
processing time UB, Hmax: 64.4
selected schedule: [15, 16, 17, 18, 19]
	M1 <- [20, 40, 49, 43, 9, 27, 37, 38, 10, 14, 39],	C_j(s)=[ 2  5 11 15 17 18 28 35 44 48 55],	c_s=12991
	M2 <- [47, 16, 31, 44, 3, 24, 15, 28, 13, 41],	C_j(s)=[ 2  6 11 16 23 30 38 46 49 58],	c_s=12716
	M3 <- [34, 12, 4, 23, 21, 0, 32, 33, 45],	C_j(s)=[ 2  6 13 20 30 40 42 51 60],	c_s=13532
	M4 <- [5, 2, 29, 17, 26, 18, 35, 22, 42, 11],	C_j(s)=[ 1  4  7 13 18 24 31 41 51 55],	c_s=12494
	M5 <- [25, 30, 1, 7, 19, 8, 6, 48, 46, 36],	C_j(s)=[ 1  4  7 14 21 27 34 40 49 54],	c_s=12307

LB: 64040.0
GAP: 0.0
NBEB: 0

Heuristic processing time: 0 min 20 s
Total time elapsed: 0 min 20 s

--------------------------------------------------
machine: 5
jobs: 50
w: [10 20 11 15 16 15 17 19 10 12 20 15 12 13 12 20 11 19 18 19 12 17 10 16
 19 11 20 20 20 15 20 19 19 14 12 14 11 15 16 11 11 10 12 13 11 11 10 16
 20 10]
p: [11 19 15 20 15 13 10 15 17 12 19 20 17 18 20 15 20 12 20 16 12 11 20 17
 17 14 20 16 11 12 16 17 18 11 19 20 13 20 19 15 11 14 19 14 17 13 13 13
 14 19]
smith_order: [28  6 17 21 48 15 33  7 27 29 30 47 19  5 31 24  4 32 10  1  9 40 26 20
 23 43  0 18 45 36 38 25 46 11  3 37 39  2 13 41 12 35 44 42 34 14  8 16
 49 22]
serial schedule cost - UB: 246250

	+++RESULTS+++
optimum total cost: 54027.0
processing time LB, Hmin: 141.8
processing time UB, Hmax: 173.8
selected schedule: [30, 31, 32, 33, 34]
	M1 <- [21, 30, 19, 10, 20, 45, 11, 2, 44, 16],	C_j(s)=[ 11  27  43  62  74  87 107 122 139 159],	c_s=10854
	M2 <- [48, 27, 31, 1, 23, 25, 37, 35, 8],	C_j(s)=[ 14  30  47  66  83  97 117 137 154],	c_s=10701
	M3 <- [17, 7, 5, 32, 40, 18, 3, 41, 34, 49],	C_j(s)=[ 12  27  40  58  69  89 109 123 142 161],	c_s=10983
	M4 <- [28, 33, 47, 24, 26, 0, 38, 39, 12, 14],	C_j(s)=[ 11  22  35  52  72  83 102 117 134 154],	c_s=10721
	M5 <- [6, 15, 29, 4, 9, 43, 36, 46, 13, 42, 22],	C_j(s)=[ 10  25  37  52  64  78  91 104 122 141 161],	c_s=10768

LB: 54027.000000000175
GAP: 0.0
NBEB: 0

Heuristic processing time: 0 min 19 s
Total time elapsed: 0 min 20 s

--------------------------------------------------
machine: 5
jobs: 50
w: [10 83 21 24 19  9 23 31 82 29 60 23 65 78 39 89 86  6 46 98 41 87 12 89
 10 24 86 95 76 54 66 16 11 73 15 97 29 64  1 29 69 88 83 43  2 46 72 83
 68 29]
p: [ 32 100  78  49  79   9  29  11  49  96  73  52  99   6   8  93  19  94
  35  36  62  84  15  47  22  57  58  46  47  61  20  39  68  69  54  68
  58  65  87  66   8  85  38  31  56  58  88  45  81  88]
smith_order: [13 40 14 16 30  7 19 42 27 23 47  8 28 26 35 43 18 33 21 41  5 37 15 29
 48  1 10 46 22  6 45 20 12 36  3 24 11 39 25 31 49  0  9 34  2  4 32 17
 44 38]
serial schedule cost - UB: 1929013

	+++RESULTS+++
optimum total cost: 443367.0
processing time LB, Hmin: 463.6
processing time UB, Hmax: 623.6
selected schedule: [30, 31, 32, 33, 34]
	M1 <- [14, 27, 28, 21, 48, 22, 20, 11, 9, 38],	C_j(s)=[  8  54 101 185 266 281 343 395 491 578],	c_s=88638
	M2 <- [30, 47, 43, 33, 29, 46, 3, 31, 2, 44],	C_j(s)=[ 20  65  96 165 226 314 363 402 480 536],	c_s=83996
	M3 <- [40, 7, 42, 26, 41, 10, 12, 49, 32],	C_j(s)=[  8  19  57 115 200 273 372 460 528],	c_s=93070
	M4 <- [13, 19, 8, 18, 5, 15, 45, 6, 24, 39, 0, 4],	C_j(s)=[  6  42  91 126 135 228 286 315 337 403 435 514],	c_s=88923
	M5 <- [16, 23, 35, 37, 1, 36, 25, 34, 17],	C_j(s)=[ 19  66 134 199 299 357 414 468 562],	c_s=88740

LB: 443367.0
GAP: 0.0
NBEB: 0

Heuristic processing time: 0 min 18 s
Total time elapsed: 0 min 22 s

--------------------------------------------------
machine: 5
jobs: 50
w: [74 45 50 88 26 26 92 62 42 60 29 70 28 68 25 44 49 44 90 61 62 52 75 11
 12 56 71 57 41 17 50 21 56 69 74 91 38 65 41 43 89 41 81 73 97 68 58 35
 65 52]
p: [ 4 10  7  5  4  9  9  6  1  4  7  7  3  8  9  9  3  9  6  6  1  3  9  3
  9 10  4  2  2  3  1  2  3  5  9  7  6  2  9  1  8 10  7  6  9  1  1  4
  8  7]
smith_order: [45 20 46 30 39  8 37 27 28 32  0 26  3 21 16 18  9 33 35 43 42 40 44 31
  7  6 19 11 12 47 13 22 34 48 49  2  4 36 29 25 15 17 38  1 10 41 23  5
 14 24]
serial schedule cost - UB: 249326

	+++RESULTS+++
optimum total cost: 56392.0
processing time LB, Hmin: 47.6
processing time UB, Hmax: 63.6
selected schedule: [25, 26, 27, 28, 29]
	M1 <- [30, 37, 26, 33, 44, 12, 22, 36, 38, 5],	C_j(s)=[ 1  3  7 12 21 24 33 39 48 57],	c_s=11686
	M2 <- [20, 8, 0, 9, 42, 6, 48, 4, 1, 14],	C_j(s)=[ 1  2  6 10 17 26 34 38 48 57],	c_s=11742
	M3 <- [39, 27, 3, 35, 31, 11, 47, 49, 29, 17, 23, 24],	C_j(s)=[ 1  3  8 15 17 24 28 35 38 47 50 59],	c_s=11092
	M4 <- [45, 28, 21, 16, 43, 7, 13, 2, 15, 10],	C_j(s)=[ 1  3  6  9 15 21 29 36 45 52],	c_s=10601
	M5 <- [46, 32, 18, 40, 19, 34, 25, 41],	C_j(s)=[ 1  4 10 18 24 33 43 53],	c_s=11271

LB: 56392.00000000003
GAP: 0.0
NBEB: 0

Heuristic processing time: 0 min 20 s
Total time elapsed: 0 min 20 s

--------------------------------------------------
machine: 5
jobs: 50
w: [20 73 34 54 61 43 40 24 30 31 59 44 71 23 48 43 24 53 48 18 35 75 29 81
 50 76 81 61 76 57 59 49 28 40 21 58 16 56 74 41 57 38 12 57 51 66 55 17
 53 56]
p: [ 8  8 10  3  3  4  4  1  9  2  1  6  7  1  1  4  8  9  2  7 10 10  4  2
  6  6  6  6  9  6  7  7  5  9  4  1  5 10  7  5 10  9  4 10  7  8  3 10
 10  9]
smith_order: [10 35 14 23 18  7 13  4 46  3  9 26 25 15  5 38 27 12  6 29  1 28 30 24
 45 39 21 11 44 22 31 49 17 40 43 32 37 48 34 33 41 20  2  8 36 16 42 19
  0 47]
serial schedule cost - UB: 240706

	+++RESULTS+++
optimum total cost: 54215.0
processing time LB, Hmin: 52.6
processing time UB, Hmax: 68.6
selected schedule: [20, 21, 22, 23, 24]
	M1 <- [18, 46, 15, 29, 24, 21, 43, 41, 16],	C_j(s)=[ 2  5  9 15 21 31 41 50 58],	c_s=10617
	M2 <- [35, 7, 26, 12, 45, 44, 17, 33, 36, 0],	C_j(s)=[ 1  2  8 15 23 30 39 48 53 61],	c_s=10922
	M3 <- [14, 13, 3, 38, 1, 39, 49, 37, 20, 19],	C_j(s)=[ 1  2  5 12 20 25 34 44 54 61],	c_s=11093
	M4 <- [23, 9, 25, 6, 28, 31, 40, 34, 2, 47],	C_j(s)=[ 2  4 10 14 23 30 40 44 54 64],	c_s=10952
	M5 <- [10, 4, 5, 27, 30, 11, 22, 32, 48, 8, 42],	C_j(s)=[ 1  4  8 14 21 27 31 36 46 55 59],	c_s=10631

LB: 54214.999999999985
GAP: 0.0
NBEB: 0

Heuristic processing time: 0 min 19 s
Total time elapsed: 0 min 20 s

--------------------------------------------------
machine: 5
jobs: 50
w: [63 35 42 35 37 56 37 48 84 23 93 10 62 75 21 16 51 91 49 26 19 51 56 56
 35 45 84 75 85 17 92 17 92 31 71 81 94 35 21 11 39 81 86 13 51 80 84 33
 28 88]
p: [ 5  3  4  4  2  8  9  7  4  5  4  6  5  2  8  7  3  4  5  6  7  7  1  8
  6  6  9  3  1  8  8  3  6 10 10  1  4  6  6  7  2  3  2  2  4  8  2  3
  1  2]
smith_order: [28 35 22 49 42 46 13 48 41 27 36 10 17  8 40  4 16 32 44  0 12  1 30 47
  2 45 18 26  3 25 21 34  5 23  7 43 24 37 31  9 19  6 38 33 20 14 15 29
 11 39]
serial schedule cost - UB: 179951

	+++RESULTS+++
optimum total cost: 41097.0
processing time LB, Hmin: 41.4
processing time UB, Hmax: 57.4
selected schedule: [20, 21, 22, 23, 24]
	M1 <- [35, 46, 36, 4, 12, 26, 5, 19, 20, 11],	C_j(s)=[ 1  3  7  9 14 23 31 37 44 50],	c_s=8158
	M2 <- [22, 13, 10, 16, 1, 2, 3, 21, 43, 24, 38, 15],	C_j(s)=[ 1  3  7 10 13 17 21 28 30 36 42 49],	c_s=8090
	M3 <- [28, 41, 8, 0, 45, 34, 31, 9, 14],	C_j(s)=[ 1  4  8 13 21 31 34 39 47],	c_s=8243
	M4 <- [42, 27, 40, 32, 47, 18, 23, 37, 33, 39],	C_j(s)=[ 2  5  7 13 16 21 29 35 45 52],	c_s=8389
	M5 <- [49, 48, 17, 44, 30, 25, 7, 6, 29],	C_j(s)=[ 2  3  7 11 19 25 32 41 49],	c_s=8217

LB: 41097.0
GAP: 0.0
NBEB: 0

Heuristic processing time: 0 min 19 s
Total time elapsed: 0 min 19 s

--------------------------------------------------
machine: 5
jobs: 50
w: [76 84 88 43 72 36 55 36 35 86 46 47 11 58 82 60 62 50 11 22 12 34 28 53
 32 80 12 78 79 77 44 62 20 55 91 82 95 29 10 34 19 66 35 38 39 39 84 43
 68 32]
p: [ 3  6  9  3  2  9  2  4  6  4  3 10  3  3  8  7  8 10  8  6  2  6  9  4
  2  7  1  1  9 10  8  7  4  5  2  9  4  3  4 10  6  7  3  1  9  5  1  9
  9  3]
smith_order: [46 27 34 43  4  6  0 36  9 13 24 10  3  1 23 26 42 25 33 49 14  2 37 41
 35  7 31 28 15 45 16 29 48 20  8 21 30 17 32 47 11 44  5 19 12 39 40 22
 38 18]
serial schedule cost - UB: 221027

	+++RESULTS+++
optimum total cost: 50165.0
processing time LB, Hmin: 46.8
processing time UB, Hmax: 62.8
selected schedule: [35, 36, 37, 38, 39]
	M1 <- [46, 6, 24, 3, 33, 35, 16, 8, 11, 12, 38],	C_j(s)=[ 1  3  5  8 13 22 30 36 46 49 53],	c_s=9623
	M2 <- [43, 36, 10, 42, 2, 7, 45, 20, 30, 5, 40],	C_j(s)=[ 1  5  8 11 20 24 29 31 39 48 54],	c_s=9863
	M3 <- [27, 0, 1, 14, 31, 48, 47, 19, 18],	C_j(s)=[ 1  4 10 18 25 34 43 49 57],	c_s=10114
	M4 <- [4, 9, 26, 25, 41, 15, 21, 17, 39],	C_j(s)=[ 2  6  7 14 21 28 34 44 54],	c_s=10122
	M5 <- [34, 13, 23, 49, 37, 28, 29, 32, 44, 22],	C_j(s)=[ 2  5  9 12 15 24 34 38 47 56],	c_s=10443

LB: 50165.00000000002
GAP: 0.0
NBEB: 0

Heuristic processing time: 0 min 19 s
Total time elapsed: 0 min 20 s

--------------------------------------------------
machine: 5
jobs: 50
w: [69 58 47 26 82 64 17 83 37 90 70 20 55 72 84 84 15 22 26 12 32 89 85 75
 93 68 23 72 75 19 84 21 99 88 32 13 91 13 57 66 76 34 37 45 42 33 57 35
 41 34]
p: [ 8  7  3  9  1  8  2  5  4  3  4  6  7  4  6  7 10  2  7  4  6  1  4  3
  3  5  2  6  6  6  9  2  4  1  7  8  8  8  8  2  6  6  1 10  8  1 10  5
  9  2]
smith_order: [21 33  4 42 45 39 24  9 23 32 22 13 10 49  7  2 14 25 40 28 15 27 26 36
 17 31 30  8  0  6  1  5 12 38 47 46 41 20 44 34 48 43 18 11 29 19  3 37
 35 16]
serial schedule cost - UB: 204922

	+++RESULTS+++
optimum total cost: 46698.0
processing time LB, Hmin: 44.8
processing time UB, Hmax: 60.8
selected schedule: [30, 31, 32, 33, 34]
	M1 <- [42, 39, 22, 14, 27, 6, 1, 46, 18, 37],	C_j(s)=[ 1  3  7 13 19 21 28 38 45 53],	c_s=9296
	M2 <- [45, 24, 13, 28, 26, 30, 38, 34, 11, 16],	C_j(s)=[ 1  4  8 14 16 25 33 40 46 56],	c_s=9420
	M3 <- [21, 9, 10, 25, 36, 5, 20, 43, 35],	C_j(s)=[ 1  4  8 13 21 29 35 45 53],	c_s=9494
	M4 <- [33, 23, 49, 2, 40, 17, 31, 0, 47, 44, 29, 19],	C_j(s)=[ 1  4  6  9 15 17 19 27 32 40 46 50],	c_s=9065
	M5 <- [4, 32, 7, 15, 8, 12, 41, 48, 3],	C_j(s)=[ 1  5 10 17 21 28 34 43 52],	c_s=9423

LB: 46698.0
GAP: 0.0
NBEB: 0

Heuristic processing time: 0 min 18 s
Total time elapsed: 0 min 19 s

--------------------------------------------------
machine: 5
jobs: 50
w: [79 75 62 27 82 64 63 15 70 23 72 12 66 73 83 44 51 21 60 22 93 88 19 48
 44 30 90 53 20 10 25 87 19 95 19 70 41 87 30 80 10 50 79 96 50 74 19 25
 86 13]
p: [ 6  6  4  4  4  6  8  8  5  5  9  5  7  9  3  8  7  2  1  7  8  7  5  3
  7  6  1  8  8  7  8  6  5  6 10  4  3  4  6  3  5  5  5  3  2  8  7  9
  9  9]
smith_order: [26 18 43 14 39 44 37  4 35 23 33 42  2 31  8 36  0 21  1 20  5 17 41 48
 12 45 13 10  6 16  3 27 24 15 25 38  9 22 32 19 30 47 46 28 11 40 34  7
 49 29]
serial schedule cost - UB: 227251

	+++RESULTS+++
optimum total cost: 51550.0
processing time LB, Hmin: 50.2
processing time UB, Hmax: 66.2
selected schedule: [30, 31, 32, 34, 49]
	M1 <- [14, 4, 31, 5, 45, 16, 38, 19, 11, 40],	C_j(s)=[ 3  7 13 19 27 34 40 47 52 57],	c_s=10330
	M2 <- [43, 35, 8, 1, 48, 27, 9, 30, 34],	C_j(s)=[ 3  7 12 18 27 35 40 48 58],	c_s=10367
	M3 <- [39, 23, 2, 21, 41, 10, 24, 22, 46, 7],	C_j(s)=[ 3  6 10 17 22 31 38 43 50 58],	c_s=10285
	M4 <- [26, 37, 42, 0, 17, 12, 6, 15, 47, 49],	C_j(s)=[ 1  5 10 16 18 25 33 41 50 59],	c_s=10507
	M5 <- [18, 44, 33, 36, 20, 13, 3, 25, 32, 28, 29],	C_j(s)=[ 1  3  9 12 20 29 33 39 44 52 59],	c_s=10061

LB: 51550.0
GAP: 0.0
NBEB: 0

Heuristic processing time: 0 min 18 s
Total time elapsed: 0 min 19 s

--------------------------------------------------
machine: 5
jobs: 50
w: [29 17 14 48 79 21 31 59 14 17 15 90 47  4 45 14 94  9 62 93 81 45  7 18
 20 86 66  2 25 80 51 72 34  3 97 38 96 67 58 25 16 92 23  8 10 44 25 48
 12 44]
p: [100  69  65  98  51  91  77  48  36  81  30  23  76  16  20  24  52  40
  43  78  89  44  72  28  87  34  79   7  21  20  72  98  14  11  51  58
  41  48  54   1  49  99  86  29  55  74  55  79  50  56]
smith_order: [39 29 11 25 32 36 14 34 16  4 18 37  7 19 28 38 21 41 20 26 49 31 30 35
 23 12 47 45 15 10  3 46  6  8 40  0 27 43 33 42 13  1 48  5 24 17  2  9
 44 22]
serial schedule cost - UB: 1643102

	+++RESULTS+++
optimum total cost: 379228.0
processing time LB, Hmin: 455.8
processing time UB, Hmax: 615.8
selected schedule: [10, 11, 12, 13, 14]
	M1 <- [32, 34, 7, 20, 35, 3, 27, 42, 9],	C_j(s)=[ 14  65 113 202 260 358 365 451 532],	c_s=77021
	M2 <- [29, 14, 37, 41, 30, 15, 10, 8, 43, 13, 5, 44],	C_j(s)=[ 20  40  88 187 259 283 313 349 378 394 485 540],	c_s=73437
	M3 <- [25, 4, 28, 21, 49, 23, 45, 6, 1, 2],	C_j(s)=[ 34  85 106 150 206 234 308 385 454 519],	c_s=72786
	M4 <- [11, 16, 19, 31, 47, 40, 33, 48, 24],	C_j(s)=[ 23  75 153 251 330 379 390 440 527],	c_s=80315
	M5 <- [39, 36, 18, 38, 26, 12, 46, 0, 17, 22],	C_j(s)=[  1  42  85 139 218 294 349 449 489 561],	c_s=75669

LB: 379228.0
GAP: 0.0
NBEB: 0

Heuristic processing time: 0 min 19 s
Total time elapsed: 0 min 25 s

--------------------------------------------------
machine: 5
jobs: 50
w: [10 20 20 14 11 20 13 15 20 19 17 10 18 18 13 13 14 18 13 20 19 19 12 13
 17 17 15 12 17 17 18 20 16 15 11 18 12 15 15 17 13 16 11 11 15 10 14 17
 12 15]
p: [16 10 10 13 19 17 11 20 12 19 11 12 18 12 19 11 16 11 16 20 11 20 15 14
 16 12 12 12 12 13 19 18 12 11 14 17 12 14 20 20 19 14 16 19 18 11 15 19
 15 14]
smith_order: [ 1  2 20  8 17 10 13 25 28 33 32 29 26 15  6  5 41 31  3 37 49 24 35 27
 19  9 36 12 21 30 46 23 45 47 16 39 11 44 18 22 48 34 38  7 42 14 40  0
 43  4]
serial schedule cost - UB: 244251

	+++RESULTS+++
optimum total cost: 53537.0
processing time LB, Hmin: 133.4
processing time UB, Hmax: 165.4
selected schedule: [35, 36, 37, 38, 39]
	M1 <- [8, 33, 26, 31, 19, 30, 47, 48, 40],	C_j(s)=[ 12  23  35  53  73  92 111 126 145],	c_s=10570
	M2 <- [1, 10, 32, 6, 49, 12, 23, 11, 18, 42, 0],	C_j(s)=[ 10  21  33  44  58  76  90 102 118 134 150],	c_s=10593
	M3 <- [20, 25, 5, 37, 27, 21, 16, 22, 34, 14],	C_j(s)=[ 11  23  40  54  66  86 102 117 131 150],	c_s=10859
	M4 <- [2, 13, 29, 3, 35, 36, 46, 39, 38, 4],	C_j(s)=[ 10  22  35  48  65  77  92 112 132 151],	c_s=10790
	M5 <- [17, 28, 15, 41, 24, 9, 45, 44, 7, 43],	C_j(s)=[ 11  23  34  48  64  83  94 112 132 151],	c_s=10725

LB: 53537.0
GAP: 0.0
NBEB: 0

Heuristic processing time: 0 min 19 s
Total time elapsed: 0 min 21 s

--------------------------------------------------
machine: 5
jobs: 50
w: [37 36 84 29 28 93 55  5 34 92  1 32 92 65 28 31 65  3 42 39 59 46 44 95
 26 94 87 20 73 27 78 90 86 47 19 28 48 87 80 32  2 38 79 14 58 26 51 56
 23 35]
p: [11 54  9 41 50 58  3 28 29 24 40 92  7 56  8 75 93 69 97 81 16 76 84 37
 34 42 11 58 29 14 17 86 64 65 15 58 31 70 50 91 14 23  7 50 56 99 65 79
 29 76]
smith_order: [ 6 12 42  2 26 30  9 20 14  0 23 28 25 29 41  5 38 36 32 34 37  8 13 31
 44 48 46 24 33 47  3 16  1 21  4 22 35 19 49 18 15 39 11 27 43 45  7 40
 17 10]
serial schedule cost - UB: 1516219

	+++RESULTS+++
optimum total cost: 350430.0
processing time LB, Hmin: 395.0
processing time UB, Hmax: 553.4
selected schedule: [0, 1, 2, 3, 4]
	M1 <- [12, 9, 5, 13, 46, 1, 19, 11, 10],	C_j(s)=[  7  31  89 145 210 264 345 437 477],	c_s=69328
	M2 <- [26, 20, 29, 38, 31, 3, 21, 49, 45],	C_j(s)=[ 11  27  41  91 177 218 294 370 469],	c_s=71857
	M3 <- [6, 30, 28, 41, 34, 37, 33, 22, 15, 27, 7],	C_j(s)=[  3  20  49  72  87 157 222 306 381 439 467],	c_s=70174
	M4 <- [42, 14, 23, 36, 8, 44, 47, 4, 18, 43, 17],	C_j(s)=[  7  15  52  83 112 168 247 297 394 444 513],	c_s=69900
	M5 <- [2, 0, 25, 32, 48, 24, 16, 35, 39, 40],	C_j(s)=[  9  20  62 126 155 189 282 340 431 445],	c_s=69171

LB: 350430.0
GAP: 0.0
NBEB: 0

Heuristic processing time: 0 min 21 s
Total time elapsed: 0 min 24 s

--------------------------------------------------
machine: 5
jobs: 50
w: [ 12  84  56  72  53  19  90  24  42  47  98  46  56  44  43  41  85 100
  10  75  62  21  24  18  82  84  27  47  83  52  70  42  35  61  31  38
  49  23  61  39  98  43  32  97  39  56  89  13  19  34]
p: [ 3  3  2  7  6  7  7  7  4 10  2 10  1  5  8  5  8  1  6 10  2  4  6  6
  4  5  4  6  8 10  6  4 10  2  6  4  5 10  5  3  4  1  1  4  4  7  5 10
  1  2]
smith_order: [17 12 10 41 42 20 33  1  2 40 43 24 48 46 49 25 39  6 38 30 16 31  8 28
  3 36 44 35  4 13 15 45 27 19 26 14 21 29 34  9 11 22  0 32  7 23  5 37
 18 47]
serial schedule cost - UB: 197303

	+++RESULTS+++
optimum total cost: 44937.0
processing time LB, Hmin: 44.2
processing time UB, Hmax: 60.2
selected schedule: [35, 36, 37, 38, 39]
	M1 <- [17, 20, 43, 39, 16, 44, 45, 21, 11, 5],	C_j(s)=[ 1  3  7 10 18 22 29 33 43 50],	c_s=8988
	M2 <- [42, 33, 24, 6, 31, 35, 19, 9, 37],	C_j(s)=[ 1  3  7 14 18 22 32 42 52],	c_s=9211
	M3 <- [12, 1, 48, 49, 38, 28, 4, 26, 29, 7, 47],	C_j(s)=[ 1  4  5  7 12 20 26 30 40 47 57],	c_s=9254
	M4 <- [41, 40, 25, 8, 36, 13, 27, 34, 0, 32],	C_j(s)=[ 1  5 10 14 19 24 30 36 39 49],	c_s=8657
	M5 <- [10, 2, 46, 30, 3, 15, 14, 22, 23, 18],	C_j(s)=[ 2  4  9 15 22 27 35 41 47 53],	c_s=8827

LB: 44937.0
GAP: 0.0
NBEB: 0

Heuristic processing time: 0 min 18 s
Total time elapsed: 0 min 19 s

--------------------------------------------------
machine: 5
jobs: 50
w: [63 40 36 95 49 98 59 55 78 90 29 33 55 62 96 30 28 99 76 81 34 87 15 24
 95 24 10 80 18 50 37 30 39 67 55 46 86  7 53 29 91 11 41 19 54 55 29 87
 92 30]
p: [ 2 30 63 60 77 78 94 23 85 71 93 62 79 96 18 48 51 76 13 21 47 98 25 11
 15 54 38 79 89  6 88 36 71 34 22  6 35 94 11 28 46 26 61 10 33 16 66 43
  2  8]
smith_order: [48  0 29 35 24 18 14 38 19 49 45 34 36  7 23 47 40 33 43 44  3  1 17  9
  5 39 27  8 21 31 20 12 42 13  4  6 15 22  2 32 16 11 25 46 41 30 10 26
 28 37]
serial schedule cost - UB: 1694794

	+++RESULTS+++
optimum total cost: 391305.0
processing time LB, Hmin: 389.2
processing time UB, Hmax: 546.0
selected schedule: [25, 26, 27, 28, 29]
	M1 <- [0, 18, 49, 34, 33, 1, 39, 8, 4, 16, 46, 37],	C_j(s)=[  2  15  23  45  79 109 137 222 299 350 416 510],	c_s=75458
	M2 <- [24, 45, 23, 40, 5, 20, 13, 11, 10],	C_j(s)=[ 15  31  42  88 166 213 309 371 464],	c_s=80513
	M3 <- [29, 38, 36, 44, 9, 31, 12, 22, 2, 30],	C_j(s)=[  6  17  52  85 156 192 271 296 359 447],	c_s=78871
	M4 <- [48, 14, 7, 43, 3, 27, 42, 15, 32, 41, 26],	C_j(s)=[  2  20  43  53 113 192 253 301 372 398 436],	c_s=74220
	M5 <- [35, 19, 47, 17, 21, 6, 25, 28],	C_j(s)=[  6  27  70 146 244 338 392 481],	c_s=82243

LB: 391305.0
GAP: 0.0
NBEB: 0

Heuristic processing time: 0 min 19 s
Total time elapsed: 0 min 29 s

--------------------------------------------------
machine: 5
jobs: 50
w: [14 16 20 17 14 11 10 19 12 12 19 19 17 20 14 18 12 14 18 11 16 15 15 10
 11 20 13 10 20 16 19 14 16 16 17 20 16 17 10 10 13 13 16 20 20 12 18 15
 16 10]
p: [14 20 12 11 11 11 19 15 17 11 15 20 18 10 10 14 13 15 10 11 10 20 12 16
 13 15 13 15 15 14 13 12 20 19 12 16 11 14 15 13 20 17 12 10 15 18 20 17
 16 17]
smith_order: [43 13 18  2 20  3 30 36 34 14 44 42 25 28 15  4 10  7 35 22 37 31 29  9
 19  5  0 48 26 11 12 17 16 46 47 24 33 32  1 39 41 21  8 27 38 45 40 23
 49  6]
serial schedule cost - UB: 232153

	+++RESULTS+++
optimum total cost: 50934.0
processing time LB, Hmin: 129.4
processing time UB, Hmax: 161.4
selected schedule: [25, 26, 27, 28, 29]
	M1 <- [13, 3, 28, 10, 9, 26, 17, 24, 39, 27, 6],	C_j(s)=[ 10  21  36  51  62  75  90 103 116 131 150],	c_s=10328
	M2 <- [43, 30, 25, 35, 0, 11, 33, 41, 45],	C_j(s)=[ 10  23  38  54  68  88 107 124 142],	c_s=10129
	M3 <- [2, 34, 15, 22, 31, 48, 16, 1, 8, 23],	C_j(s)=[ 12  24  38  50  62  78  91 111 128 144],	c_s=10042
	M4 <- [20, 36, 42, 4, 37, 19, 12, 47, 21, 40],	C_j(s)=[ 10  21  33  44  58  69  87 104 124 144],	c_s=10156
	M5 <- [18, 14, 44, 7, 29, 5, 46, 32, 38, 49],	C_j(s)=[ 10  20  35  50  64  75  95 115 130 147],	c_s=10279

LB: 50934.0
GAP: 0.0
NBEB: 0

Heuristic processing time: 0 min 19 s
Total time elapsed: 0 min 20 s

--------------------------------------------------
machine: 5
jobs: 50
w: [96 71 57 59 67 89 86 75 86 31 50 92 59 14 45 55 16 96 80 77 82 58 65 85
 43 43 98 58 52 47 39 86 51 39 56 84 49 83 13 91 92 33 73 63 18 64 51 76
 53 73]
p: [ 3  6  6  5  2  4  4  7  2  5  6  5 10 10  8 10  1  4  2  8 10  6  6  1
  2  9  1  3  7  1  3  7  5  3  4  6  8  2  8  8  7  5  1  7  4  1  1  4
  9  9]
smith_order: [26 23 42 45 46 29  8 37 18  4  0 17  5  6 24 27 47 11 16 34 35 40 33 30
 31  1  3 39 22  7 32 21 19  2 43 10 20 49 28 41  9 36 12 48 14 15 25 44
 38 13]
serial schedule cost - UB: 246966

	+++RESULTS+++
optimum total cost: 55894.0
processing time LB, Hmin: 43.2
processing time UB, Hmax: 59.2
selected schedule: [30, 31, 32, 33, 34]
	M1 <- [26, 29, 0, 11, 30, 1, 32, 20, 36, 25],	C_j(s)=[ 1  2  5 10 13 19 24 34 42 51],	c_s=11711
	M2 <- [42, 46, 17, 47, 33, 3, 19, 49, 48, 44],	C_j(s)=[ 1  2  6 10 13 18 26 35 44 48],	c_s=10833
	M3 <- [23, 37, 6, 16, 35, 39, 21, 28, 12, 38],	C_j(s)=[ 1  3  7  8 14 22 28 35 45 53],	c_s=11030
	M4 <- [45, 18, 5, 34, 31, 7, 43, 41, 14, 13],	C_j(s)=[ 1  3  7 11 18 25 32 37 45 55],	c_s=10998
	M5 <- [8, 4, 24, 27, 40, 22, 2, 10, 9, 15],	C_j(s)=[ 2  4  6  9 16 22 28 34 39 49],	c_s=11322

LB: 55894.00000000001
GAP: 0.0
NBEB: 0

Heuristic processing time: 0 min 20 s
Total time elapsed: 0 min 20 s

--------------------------------------------------
machine: 5
jobs: 50
w: [ 97  93  90  10  84  47  24  30 100  10  62  53  66  72  10  63  37  26
  88  19  67  92  37  91  66  14  22  88  26  57  78  98  45  30  84  29
  21  30  16  99  34  53  87  91  11  24  49  70  32  63]
p: [ 3  7  3  1  3  8  3  4  6  6  6  2  2  4  8  9  5  7 10  4  3  3  2  8
  3  5  8  5  3  7  7  4  8  3  3 10  9  4  9  7 10  2  8  8 10  2  7  5
  3 10]
smith_order: [12  0 21  2 34  4 11 41 31 20 24 22 13 27  8 39 47  1 45 23 43 30 42 48
 10  3 33 18 28 29  6 37  7 16 46 15 49  5 32 19 17 40 35 25 26 36 38  9
 14 44]
serial schedule cost - UB: 222182

	+++RESULTS+++
optimum total cost: 50582.0
processing time LB, Hmin: 47.4
processing time UB, Hmax: 63.4
selected schedule: [2, 9, 25, 26, 29]
	M1 <- [0, 41, 13, 1, 48, 10, 7, 46, 19, 26, 44],	C_j(s)=[ 3  5  9 16 19 25 29 36 40 48 58],	c_s=9938
	M2 <- [34, 31, 39, 42, 29, 49, 35, 9],	C_j(s)=[ 3  7 14 22 29 39 49 55],	c_s=10319
	M3 <- [12, 4, 24, 47, 23, 33, 6, 16, 32, 25, 38],	C_j(s)=[ 2  5  8 13 21 24 27 32 40 45 54],	c_s=9747
	M4 <- [2, 11, 22, 27, 43, 18, 5, 40, 14],	C_j(s)=[ 3  5  7 12 20 30 38 48 56],	c_s=10288
	M5 <- [21, 20, 8, 45, 30, 3, 28, 37, 15, 17, 36],	C_j(s)=[ 3  6 12 14 21 22 25 29 38 45 54],	c_s=10290

LB: 50582.0
GAP: 0.0
NBEB: 0

Heuristic processing time: 0 min 18 s
Total time elapsed: 0 min 19 s

--------------------------------------------------
machine: 5
jobs: 50
w: [ 61  98  62  54  65  51  38  20  73  84  95  79  66  95  21  87  63  87
  52  74  49  88  27  25  68  55  52  36  15 100  59  93  58  29  49  55
  16  69  16  95  86  36  60  56  26  66  65  22  20  89]
p: [ 3  2  1  4 10  7  9  5  8  7  2  4  9  5  2  5  5  1  3 10  7  8  5  3
  7  2 10  4  3  1  2  8  3 10  7  6  4  3 10 10  9  3  2  5  9  9  2  8
  5  7]
smith_order: [29 17  2  1 10 46 42 30 25 37  0 11 32 13 15 18  3 49 16  9 41 31 43 21
 14 24 40 39 35  8 27 23 19 12 45  5 34 20  4 22 26 28  6 48  7 36 33 44
 47 38]
serial schedule cost - UB: 246421

	+++RESULTS+++
optimum total cost: 55869.0
processing time LB, Hmin: 46.8
processing time UB, Hmax: 62.8
selected schedule: [20, 21, 22, 23, 24]
	M1 <- [2, 46, 0, 18, 9, 24, 27, 19, 22, 48, 7],	C_j(s)=[ 1  3  6  9 16 23 27 37 42 47 52],	c_s=10823
	M2 <- [29, 42, 11, 3, 31, 35, 23, 45, 28, 6, 38],	C_j(s)=[ 1  3  7 11 19 25 28 37 40 49 59],	c_s=11117
	M3 <- [10, 25, 32, 49, 14, 40, 12, 20, 36, 33],	C_j(s)=[ 2  4  7 14 16 25 34 41 45 55],	c_s=11116
	M4 <- [17, 30, 13, 16, 43, 39, 5, 4, 44],	C_j(s)=[ 1  3  8 13 18 28 35 45 54],	c_s=11625
	M5 <- [1, 37, 15, 41, 21, 8, 34, 26, 47],	C_j(s)=[ 2  5 10 13 21 29 36 46 54],	c_s=11188

LB: 55869.0
GAP: 0.0
NBEB: 0

Heuristic processing time: 0 min 19 s
Total time elapsed: 0 min 19 s

--------------------------------------------------
machine: 5
jobs: 50
w: [61 83 59 22 47 66 40 98 15 82 78 82 34 41 61 20 77 11  9 36  3 49 97 47
 81 17 16 15 25 67 98  7 36 24 62 81 73 93 94 64 17 78 57 68 81 86 40 19
 96 64]
p: [35 74 52 84 22 57  9 31 17 26 43 62 59  2 75 38 32 59 88 25 34 57 91 69
 15 40 18 92 91 17 13 73 75 66 78 49 74 60  8 73 40 44 82 70 89 59 42 57
 26 67]
smith_order: [13 38 30 24  6 29 48  7  9 16  4 10 41  0 35 37 45 19 11  5  2  1 22 36
 43 49 46 44 26  8 39 21 14 34 42 23 12 15 32 40 25 33 47 28  3 17 27 18
 31 20]
serial schedule cost - UB: 1938801

	+++RESULTS+++
optimum total cost: 443572.0
processing time LB, Hmin: 438.2
processing time UB, Hmax: 585.4
selected schedule: [0, 1, 2, 3, 4]
	M1 <- [30, 9, 41, 19, 2, 49, 26, 14, 15, 33, 27],	C_j(s)=[ 13  39  83 108 160 227 245 320 358 424 516],	c_s=87318
	M2 <- [38, 29, 4, 35, 5, 43, 21, 23, 40, 3, 20],	C_j(s)=[  8  25  47  96 153 223 280 349 389 473 507],	c_s=86337
	M3 <- [13, 48, 10, 45, 22, 46, 34, 32, 17],	C_j(s)=[  2  28  71 130 221 263 341 416 475],	c_s=92788
	M4 <- [24, 16, 37, 1, 44, 42, 25, 47, 18],	C_j(s)=[ 15  47 107 181 270 352 392 449 537],	c_s=91770
	M5 <- [6, 7, 0, 11, 36, 8, 39, 12, 28, 31],	C_j(s)=[  9  40  75 137 211 228 301 360 451 524],	c_s=85359

LB: 443572.0
GAP: 0.0
NBEB: 0

Heuristic processing time: 0 min 21 s
Total time elapsed: 0 min 25 s

--------------------------------------------------
machine: 5
jobs: 50
w: [15 15 18 12 20 16 12 12 17 17 16 14 20 14 11 16 11 11 20 10 10 14 11 13
 10 16 14 18 12 16 10 13 13 19 15 15 10 19 18 11 14 14 14 19 10 10 14 18
 11 10]
p: [11 18 10 11 11 16 10 10 12 13 12 14 14 12 19 20 16 18 11 17 19 17 19 19
 12 20 10 11 14 16 19 13 10 20 18 10 19 18 10 13 12 15 16 16 13 19 20 11
 20 15]
smith_order: [18  4  2 38 47 27 35 12  8 26  0 10  9 32  7  6 43 13 40  3 37 31 29 11
  5 33 41 42 28 39  1 24 34 21 15 25 44 46 16 23 49 17 19 22 14 48 30 20
 36 45]
serial schedule cost - UB: 212159

	+++RESULTS+++
optimum total cost: 46644.0
processing time LB, Hmin: 131.8
processing time UB, Hmax: 163.8
selected schedule: [20, 21, 22, 23, 24]
	M1 <- [47, 12, 7, 13, 29, 28, 34, 16, 22, 20],	C_j(s)=[ 11  25  35  47  63  77  95 111 130 149],	c_s=9274
	M2 <- [38, 27, 10, 40, 31, 33, 15, 49, 19, 45],	C_j(s)=[ 10  21  33  45  58  78  98 113 130 149],	c_s=9440
	M3 <- [18, 8, 9, 3, 11, 42, 21, 44, 23, 48],	C_j(s)=[ 11  23  36  47  61  77  94 107 126 146],	c_s=9349
	M4 <- [4, 26, 32, 43, 5, 39, 24, 25, 17, 30],	C_j(s)=[ 11  21  31  47  63  76  88 108 126 145],	c_s=9098
	M5 <- [2, 35, 0, 6, 37, 41, 1, 46, 14, 36],	C_j(s)=[ 10  20  31  41  59  74  92 112 131 150],	c_s=9483

LB: 46643.99999999999
GAP: 0.0
NBEB: 0

Heuristic processing time: 0 min 22 s
Total time elapsed: 0 min 24 s

--------------------------------------------------
machine: 5
jobs: 50
w: [11 16 15 12 13 11 12 17 15 13 18 18 12 20 19 13 14 13 14 13 19 12 11 10
 10 10 17 10 18 19 13 11 20 15 10 14 10 15 16 18 12 18 19 11 14 18 19 20
 10 20]
p: [11 18 15 12 13 10 13 16 11 19 16 19 10 13 15 20 10 20 14 18 13 10 15 10
 19 11 12 11 14 10 18 17 19 15 13 18 15 12 19 20 16 18 19 13 12 14 12 15
 18 10]
smith_order: [49 29 46 13 20 26 16  8 47 45 28 14 37 12 21 44 10  5  7 32 23 18  4  3
  2  0 33 42 41 11  6 25 27 39  1 43 38 35 34 40 22 30 19  9 36 15 17 31
 48 24]
serial schedule cost - UB: 227009

	+++RESULTS+++
optimum total cost: 49788.0
processing time LB, Hmin: 130.2
processing time UB, Hmax: 162.2
selected schedule: [40, 41, 42, 43, 44]
	M1 <- [49, 26, 37, 10, 33, 4, 25, 38, 22, 17],	C_j(s)=[ 10  22  34  50  65  78  89 108 123 143],	c_s=9803
	M2 <- [13, 47, 21, 5, 41, 18, 1, 34, 19, 31],	C_j(s)=[ 13  28  38  48  66  80  98 111 129 146],	c_s=10073
	M3 <- [20, 45, 12, 32, 3, 11, 43, 40, 36, 24],	C_j(s)=[ 13  27  37  56  68  87 100 116 131 150],	c_s=9981
	M4 <- [29, 16, 28, 44, 42, 23, 27, 39, 30, 15],	C_j(s)=[ 10  20  34  46  65  75  86 106 124 144],	c_s=9963
	M5 <- [46, 8, 14, 7, 2, 0, 6, 35, 9, 48],	C_j(s)=[ 12  23  38  54  69  80  93 111 130 148],	c_s=9968

LB: 49788.0
GAP: 0.0
NBEB: 0

Heuristic processing time: 0 min 21 s
Total time elapsed: 0 min 23 s

--------------------------------------------------
machine: 5
jobs: 50
w: [34 37 66 79 81 63 36 68 90 45 13 46 89 29 47 11 37 80 67 47 53 75 92 23
 55 80 76 84 56 20 66 24 22 43 46 26 54 94 80 41 62 45 19 68 53 61 61 29
 85 13]
p: [ 5  4  9  1  6  4  2  8  4 10  1  7  5  1  1  4  7  2  6 10  8  2  9  1
  7  9  1  6  7  8  6  5  5  8  4  9  9  9  2  2  7  8  1 10  8 10  4  7
  9  8]
smith_order: [ 3 26 14 17 38 21 13 23  8 39 42  6 12  5 46 27  4 10 34 18 30 37 22 48
  1 25 40  7 28 24  2  0 43 20 44 11 45 36 41 33 16 31 19  9 32 47 35 15
 29 49]
serial schedule cost - UB: 250267

	+++RESULTS+++
optimum total cost: 56637.0
processing time LB, Hmin: 49.2
processing time UB, Hmax: 65.2
selected schedule: [20, 21, 22, 23, 24]
	M1 <- [14, 21, 42, 5, 34, 48, 24, 20, 36, 47, 15],	C_j(s)=[ 1  3  4  8 12 21 28 36 45 52 56],	c_s=11191
	M2 <- [17, 23, 12, 10, 30, 25, 2, 45, 31, 35],	C_j(s)=[ 2  3  8  9 15 24 33 43 48 57],	c_s=11403
	M3 <- [26, 13, 39, 46, 18, 1, 40, 0, 11, 33, 32, 29],	C_j(s)=[ 1  2  4  8 14 18 25 30 37 45 50 58],	c_s=10857
	M4 <- [3, 8, 4, 22, 28, 43, 16, 9],	C_j(s)=[ 1  5 11 20 27 37 44 54],	c_s=11346
	M5 <- [38, 6, 27, 37, 7, 44, 41, 19, 49],	C_j(s)=[ 2  4 10 19 27 35 43 53 61],	c_s=11840

LB: 56637.0
GAP: 0.0
NBEB: 0

Heuristic processing time: 0 min 21 s
Total time elapsed: 0 min 22 s

--------------------------------------------------
machine: 5
jobs: 50
w: [14 11 10 10 18 14 13 17 13 15 16 14 11 13 16 20 10 12 11 13 19 19 16 18
 19 10 11 12 10 11 20 18 17 14 16 16 17 14 16 20 20 13 12 20 14 19 19 10
 11 20]
p: [10 18 19 19 13 13 15 10 20 16 13 11 18 10 18 14 10 19 11 13 17 14 14 20
 18 20 18 20 17 18 10 17 11 17 20 20 12 11 18 17 12 13 13 17 19 14 13 20
 16 12]
smith_order: [30  7 49 40 32 46 15 36  0  4 45 21 13 37 11 10 43 39 22 20  5 31 24 41
 16 19 18  9 42 23 38 14  6 33 34 35 44 48  8 17 12 29  1 26 27 28  3  2
 25 47]
serial schedule cost - UB: 232523

	+++RESULTS+++
optimum total cost: 51114.0
processing time LB, Hmin: 137.6
processing time UB, Hmax: 169.6
selected schedule: [40, 41, 42, 43, 44]
	M1 <- [40, 0, 45, 39, 41, 18, 38, 44, 12, 3],	C_j(s)=[ 12  22  36  53  66  77  95 114 132 151],	c_s=10075
	M2 <- [49, 4, 11, 22, 31, 14, 33, 17, 28, 25],	C_j(s)=[ 12  25  36  50  67  85 102 121 138 158],	c_s=10400
	M3 <- [7, 46, 13, 10, 5, 19, 23, 35, 1, 27],	C_j(s)=[ 10  23  33  46  59  72  92 112 130 150],	c_s=10212
	M4 <- [32, 36, 37, 43, 24, 42, 34, 48, 26, 47],	C_j(s)=[ 11  23  34  51  69  82 102 118 136 156],	c_s=10355
	M5 <- [30, 15, 21, 20, 16, 9, 6, 8, 29, 2],	C_j(s)=[ 10  24  38  55  65  81  96 116 134 153],	c_s=10072

LB: 51114.0
GAP: 0.0
NBEB: 0

Heuristic processing time: 0 min 20 s
Total time elapsed: 0 min 21 s

--------------------------------------------------