
machine: 3
jobs: 50
w: [  9  19  64  43  37  64  50  76  47  84  47  32  34 100  59  50  28  65
  34  42  80   7  16  54  50   3  68  30  85  59  78  25  66  69   1   7
  29  85   2  75  38  68  43  68  42  40  68   4  61  40]
p: [ 30  85  85   1   9   8  27  54  43  12 100  64   4  80  65  64  32  60
  89   8  56  68 100   2  12  13  12   2  64   2  84  70  91   9  93  52
  66  42  33  23  31  55  45   6  22  85  95  79  67  14]

	+++RESULTS+++
optimum total cost: 466530.9999999999
serial schedule cost - UB: 1289822
processing time LB, Hmin: 704.3333333333334
processing time UB, Hmax: 837.6666666666666
selected schedule: [18, 19, 20]
	M1 <- [23, 12, 9, 24, 49, 44, 20, 13, 42, 48, 2, 11, 36, 31, 25, 35, 21],	C_j(s)=[  2   6  18  30  44  66 122 202 247 314 399 463 529 599 612 664 732],	c_s=149867
	M2 <- [3, 43, 5, 19, 4, 37, 7, 41, 8, 30, 16, 32, 45, 18, 22, 38, 34],	C_j(s)=[  1   7  15  23  32  74 128 183 226 310 342 433 518 607 707 740 833],	c_s=160030
	M3 <- [29, 27, 33, 26, 39, 6, 28, 40, 17, 14, 15, 46, 10, 0, 1, 47],	C_j(s)=[  2   4  13  25  48  75 139 170 230 295 359 454 554 584 669 748],	c_s=156634

Total iteration: 32
Heuristic processing time: 0 min 16 s
Branch & Bound processing time: 0 min 0 s
Total time elapsed: 0 min 21 s

--------------------------------------------------
machine: 3
jobs: 50
w: [ 57  31  72  84  16 100  73  73  46  39  28  13  11  57  91  21  29  97
  35  70  60  42  45  19  81  25  18  66  75  52  19  23  83  83  29  88
  47  54  72  89  87  43  99  60  84  38  70  82  27  40]
p: [ 4  9  6  9  9  8  7  4  4  3  4 10 10  8  3  8  8  4 10  2  6  5  2  9
  7  2  9  3  2  5  7  8  4 10  7  3  7  5  9  7 10  9  1  6  7  7  4  8
  9  2]

	+++RESULTS+++
optimum total cost: 89547.0
serial schedule cost - UB: 252197
processing time LB, Hmin: 96.66666666666667
processing time UB, Hmax: 110.0
selected schedule: [24, 25, 26]
	M1 <- [28, 17, 49, 7, 25, 5, 24, 29, 43, 21, 33, 10, 41, 18, 31, 26, 12],	C_j(s)=[  2   6   8  12  14  22  29  34  40  45  55  59  68  78  86  95 105],	c_s=29599
	M2 <- [42, 14, 22, 32, 0, 9, 44, 8, 6, 20, 40, 13, 45, 16, 48, 15, 4],	C_j(s)=[  1   4   6  10  14  17  24  28  35  41  51  59  66  74  83  91 100],	c_s=29549
	M3 <- [19, 35, 27, 46, 39, 2, 37, 47, 3, 38, 36, 34, 1, 30, 23, 11],	C_j(s)=[  2   5   8  12  19  25  30  38  47  56  63  70  79  86  95 105],	c_s=30399

Total iteration: 31
Heuristic processing time: 0 min 16 s
Branch & Bound processing time: 0 min 0 s
Total time elapsed: 0 min 17 s

--------------------------------------------------