
machine: 3
jobs: 40
w: [16 15 17 18 15 17 20 12 15 16 16 11 16 17 10 14 15 11 14 16 10 11 17 19
 13 13 16 15 11 14 11 10 19 15 14 20 15 10 17 13]
p: [18 12 14 12 20 20 11 17 10 16 16 11 20 16 20 18 11 15 12 12 19 20 14 16
 17 20 20 18 13 13 10 19 10 11 19 15 10 15 17 20]

	+++RESULTS+++
optimum total cost: 53213.0
serial schedule cost - UB: 150550
processing time LB, Hmin: 192.33333333333334
processing time UB, Hmax: 219.0
selected schedule: [21, 22, 23]
	M1 <- [6, 36, 19, 2, 18, 13, 9, 28, 27, 15, 17, 37, 21, 14],	C_j(s)=[ 11  21  33  47  59  75  91 104 122 140 155 170 190 210],	c_s=17948
	M2 <- [3, 33, 35, 22, 30, 11, 10, 0, 12, 24, 34, 25, 20],	C_j(s)=[ 12  23  38  52  62  73  89 107 127 144 163 183 202],	c_s=17411
	M3 <- [32, 8, 16, 1, 23, 29, 38, 5, 26, 4, 7, 39, 31],	C_j(s)=[ 10  20  31  43  59  72  89 109 129 149 166 186 205],	c_s=17854

Total iteration: 21
Heuristic processing time: 0 min 13 s
Branch & Bound processing time: 0 min 0 s
Total time elapsed: 0 min 13 s

--------------------------------------------------
machine: 3
jobs: 40
w: [54 11  4  9 43 25 48 41 40 98 36 55  5 52 94 70 40 16 46 58 49 63 93 86
 76 20 14 85 99 84 87 19 69 15 60 21  5 18 64 68]
p: [  5  98  88 100  12  39  22  28   6  73  56  58  14  62  74  84  38  43
  74  43  85  70  67  44  32  19  94  21  70  79  77  80  20  31   1  93
  97  93  68  86]

	+++RESULTS+++
optimum total cost: 426362.0000000035
serial schedule cost - UB: 1169823
processing time LB, Hmin: 681.3333333333334
processing time UB, Hmax: 814.6666666666666
selected schedule: [27, 28, 29]
	M1 <- [8, 32, 23, 7, 9, 29, 21, 39, 10, 33, 31, 26, 36],	C_j(s)=[  6  26  70  98 171 250 320 406 462 493 573 667 764],	c_s=145670
	M2 <- [34, 27, 6, 28, 19, 30, 38, 13, 5, 20, 12, 35, 1, 2],	C_j(s)=[  1  22  44 114 157 234 302 364 403 488 502 595 693 781],	c_s=142787
	M3 <- [0, 4, 24, 22, 14, 25, 16, 11, 15, 18, 17, 37, 3],	C_j(s)=[  5  17  49 116 190 209 247 305 389 463 506 599 699],	c_s=137905

Total iteration: 26
Heuristic processing time: 0 min 13 s
Branch & Bound processing time: 0 min 0 s
Total time elapsed: 0 min 16 s

--------------------------------------------------