
machine: 4
jobs: 40
w: [ 48  84  26  22  78  22  55  19  77  34  19  13  22  56  67  61  23  87
  33  60  67  92  70  60  21  59 100  74  44  93  44  38  55  63  52  30
  93  74  48  83]
p: [ 7  8  4 10  5  7  7  7  8  5  6  7  7  8 10  6  4  4  2  2  8  7  3  3
  6  2  5 10  7  4  6  5  4  6 10  8  4  4  2 10]

	+++RESULTS+++
optimum total cost: 47714.00000000006
serial schedule cost - UB: 170915
processing time LB, Hmin: 52.0
processing time UB, Hmax: 67.0
selected schedule: [12, 13, 14, 15]
	M1 <- [36, 23, 18, 21, 8, 27, 2, 28, 24, 5],	C_j(s)=[ 4  7  9 16 24 34 38 45 51 58],	c_s=12240
	M2 <- [19, 29, 37, 1, 20, 31, 0, 34, 12, 11],	C_j(s)=[ 2  6 10 18 26 31 38 48 55 62],	c_s=12186
	M3 <- [25, 38, 26, 32, 15, 6, 30, 14, 35, 7],	C_j(s)=[ 2  4  9 13 19 26 32 42 50 57],	c_s=11319
	M4 <- [22, 17, 4, 33, 39, 13, 9, 16, 10, 3],	C_j(s)=[ 3  7 12 18 28 36 41 45 51 61],	c_s=11969

Total iteration: 16
Heuristic processing time: 0 min 15 s
Branch & Bound processing time: 0 min 0 s
Total time elapsed: 0 min 15 s

--------------------------------------------------
machine: 4
jobs: 40
w: [84 34 86 22 57 35 51 50 85 15 43 97  9  3 74 15 31 84 25  1 53 44 19 87
 98 53 33 23 13 62 77 56 37 81 69 80 49 38 89 33]
p: [74 75 11 53 39 53 71 79 39 67 50 16 73  4 42 77 75  1 73 83 56 52 33 11
 21 89  2 80 92 45 84 95 62 71 62 15 51 51 96 96]

	+++RESULTS+++
optimum total cost: 329776.9999999999
serial schedule cost - UB: 1160211
processing time LB, Hmin: 482.75
processing time UB, Hmax: 626.75
selected schedule: [36, 37, 38, 39]
	M1 <- [23, 35, 29, 36, 38, 5, 25, 16, 9, 19],	C_j(s)=[ 11  26  71 122 218 271 360 435 502 585],	c_s=82984
	M2 <- [2, 8, 33, 20, 21, 7, 22, 3, 27, 12],	C_j(s)=[ 11  50 121 177 229 308 341 394 474 547],	c_s=80826
	M3 <- [26, 11, 14, 34, 30, 13, 37, 31, 39, 15],	C_j(s)=[  2  18  60 122 206 210 261 356 452 529],	c_s=83867
	M4 <- [17, 24, 4, 0, 10, 6, 32, 1, 18, 28],	C_j(s)=[  1  22  61 135 185 256 318 393 466 558],	c_s=82100

Total iteration: 28
Heuristic processing time: 0 min 14 s
Branch & Bound processing time: 0 min 0 s
Total time elapsed: 0 min 16 s

--------------------------------------------------
machine: 4
jobs: 40
w: [ 45 100  54  16  18   3  43  55  24  31  86  43  39  84  47  34  57  42
  50  90   2  46  90  27  72  45  80  66  64  51  92  67  21  27  89   6
  67   5  16  65]
p: [47 73 92 21 72 10 38 42 37 72 80 20 51 30 66 51  8  1 58 23  4 94 97 58
 55 96 47  3 76 14 45  8 38 51 32 48 40  7 51 76]

	+++RESULTS+++
optimum total cost: 311040.9999999987
serial schedule cost - UB: 1092620
processing time LB, Hmin: 385.25
processing time UB, Hmax: 530.75
selected schedule: [12, 13, 14, 15]
	M1 <- [17, 19, 30, 7, 6, 18, 3, 37, 14, 21, 38],	C_j(s)=[  1  24  69 111 149 207 228 235 301 395 446],	c_s=75688
	M2 <- [16, 13, 36, 24, 0, 28, 8, 33, 23, 4],	C_j(s)=[  8  38  78 133 180 256 293 344 402 474],	c_s=78640
	M3 <- [31, 34, 1, 22, 12, 2, 20, 9, 5],	C_j(s)=[  8  40 113 210 261 353 357 429 439],	c_s=78867
	M4 <- [27, 29, 11, 26, 10, 39, 15, 32, 25, 35],	C_j(s)=[  3  17  37  84 164 240 291 329 425 473],	c_s=77846

Total iteration: 35
Heuristic processing time: 0 min 13 s
Branch & Bound processing time: 0 min 0 s
Total time elapsed: 0 min 16 s

--------------------------------------------------
machine: 4
jobs: 40
w: [36  6 43  2 39 82 34 55 27 58 76 26 82  1 32 80  4 67  2 78 26 13 77  7
 96 37 44 63 11 86 39 34 70 50 12 86 34 52 71 64]
p: [ 5 31 94 18 62 23  4 11 56 29 54 66 90 80 41 50 79 46 91 56 87 67 77 87
 44 31 42  2 85 54 17 67 15 85 80 45 40 92 81 34]

	+++RESULTS+++
optimum total cost: 269010.0
serial schedule cost - UB: 935586
processing time LB, Hmin: 459.0
processing time UB, Hmax: 600.0
selected schedule: [0, 1, 2, 3]
	M1 <- [6, 5, 35, 10, 26, 36, 4, 2, 1, 28, 13],	C_j(s)=[  4  27  72 126 168 208 270 364 395 480 560],	c_s=66974
	M2 <- [7, 9, 39, 17, 22, 14, 31, 11, 34, 16],	C_j(s)=[ 11  40  74 120 197 238 305 371 451 530],	c_s=66034
	M3 <- [0, 24, 29, 25, 12, 37, 20, 23],	C_j(s)=[  5  49 103 134 224 316 403 490],	c_s=67408
	M4 <- [27, 32, 30, 15, 19, 38, 33, 8, 21, 3, 18],	C_j(s)=[  2  17  34  84 140 221 306 362 429 447 538],	c_s=68594

Total iteration: 20
Heuristic processing time: 0 min 13 s
Branch & Bound processing time: 0 min 0 s
Total time elapsed: 0 min 15 s

--------------------------------------------------
machine: 4
jobs: 40
w: [12 15 10 18 17 19 11 15 13 20 14 20 15 17 14 15 19 14 13 15 16 18 20 20
 19 11 12 12 20 10 14 20 18 18 19 16 12 18 13 11]
p: [20 15 13 10 11 12 15 11 19 18 16 14 13 11 18 16 16 10 20 15 20 14 11 12
 12 20 20 18 20 20 10 19 11 10 10 20 20 10 13 18]

	+++RESULTS+++
optimum total cost: 41111.0
serial schedule cost - UB: 150364
processing time LB, Hmin: 135.25
processing time UB, Hmax: 165.25
selected schedule: [28, 29, 30, 31]
	M1 <- [37, 3, 24, 17, 16, 28, 20, 2, 27, 0],	C_j(s)=[ 10  20  32  42  58  78  98 111 129 149],	c_s=10412
	M2 <- [22, 32, 13, 30, 12, 19, 15, 35, 18, 36],	C_j(s)=[ 11  22  33  43  56  71  87 107 127 147],	c_s=10116
	M3 <- [33, 5, 4, 7, 9, 1, 10, 8, 26, 29],	C_j(s)=[ 10  22  33  44  62  77  93 112 132 152],	c_s=10076
	M4 <- [34, 23, 11, 21, 31, 38, 14, 6, 39, 25],	C_j(s)=[ 10  22  36  50  69  82 100 115 133 153],	c_s=10507

Total iteration: 22
Heuristic processing time: 0 min 13 s
Branch & Bound processing time: 0 min 0 s
Total time elapsed: 0 min 14 s

--------------------------------------------------
machine: 4
jobs: 40
w: [55 85 34 68 74 16 70 68 90 71 58 13 29 84  8  6 30 30 34 14 76  9 70 90
 57 16 25 92 39 76 59  1 77 42 90 21 86 28 38 96]
p: [ 71  75  20  65  48  58  15  11  60  68  49  58  44  34  37   1  20  17
  90  89  45  97  97  96  33  17  92  78 100  69  88  72  68   1  20  62
  56  42  43  56]

	+++RESULTS+++
optimum total cost: 370010.0000000009
serial schedule cost - UB: 1304041
processing time LB, Hmin: 465.5
processing time UB, Hmax: 615.5
selected schedule: [4, 5, 6, 7]
	M1 <- [7, 17, 2, 36, 1, 3, 0, 12, 26, 11],	C_j(s)=[ 11  28  48 104 179 244 315 359 451 509],	c_s=89599
	M2 <- [6, 39, 8, 32, 23, 37, 28, 19],	C_j(s)=[ 15  71 131 199 295 337 437 526],	c_s=95372
	M3 <- [15, 34, 24, 4, 27, 9, 22, 18, 14, 21],	C_j(s)=[  1  21  54 102 180 248 345 435 472 569],	c_s=94527
	M4 <- [33, 13, 20, 16, 10, 29, 25, 38, 30, 35, 5, 31],	C_j(s)=[  1  35  80 100 149 218 235 278 366 428 486 558],	c_s=90512

Total iteration: 24
Heuristic processing time: 0 min 14 s
Branch & Bound processing time: 0 min 0 s
Total time elapsed: 0 min 16 s

--------------------------------------------------
machine: 4
jobs: 40
w: [39 85  2 74 35 78 56 24 81 25 29 87 18 68 61 84 97 26 16 48 33 26 28 37
 80 33 45 41  7 58 73 18 76 57 53 18 82 83 28 79]
p: [51 65  9 19 13 98 91 34 58  6 84 17 18 67 54 52 77 32 60 57 11 57 18 76
 18 25 14 72 85 89 36 88 28 92 40 73 69 73 56 54]

	+++RESULTS+++
optimum total cost: 358485.0
serial schedule cost - UB: 1268669
processing time LB, Hmin: 435.5
processing time UB, Hmax: 582.5
selected schedule: [20, 21, 22, 23]
	M1 <- [3, 32, 22, 8, 36, 12, 17, 7, 33, 38, 18, 2],	C_j(s)=[ 19  47  65 123 192 210 242 276 368 424 484 493],	c_s=90779
	M2 <- [11, 4, 39, 16, 13, 0, 6, 10, 28],	C_j(s)=[ 17  30  84 161 228 279 370 454 539],	c_s=88826
	M3 <- [24, 20, 15, 1, 14, 5, 27, 21, 31],	C_j(s)=[ 18  29  81 146 200 298 370 427 515],	c_s=92597
	M4 <- [9, 26, 30, 34, 25, 37, 19, 29, 23, 35],	C_j(s)=[  6  20  56  96 121 194 251 340 416 489],	c_s=86283

Total iteration: 27
Heuristic processing time: 0 min 13 s
Branch & Bound processing time: 0 min 0 s
Total time elapsed: 0 min 15 s

--------------------------------------------------