
machine: 4
jobs: 50
w: [15 18 13 15 20 13 16 14 18 15 10 18 12 12 20 19 17 17 12 14 12 17 18 12
 10 11 13 14 16 19 16 17 19 17 20 13 17 10 17 14 10 20 19 13 14 14 16 13
 10 11]
p: [10 19 20 19 10 10 18 13 20 19 15 11 16 17 11 14 14 18 16 14 12 14 12 19
 20 13 19 13 19 14 17 13 17 20 19 12 20 15 14 15 19 13 19 17 15 16 20 14
 16 10]

	+++RESULTS+++
optimum total cost: 66857.0
serial schedule cost - UB: 249565
processing time LB, Hmin: 180.0
processing time UB, Hmax: 210.0
selected schedule: [20, 21, 22, 23]
	M1 <- [14, 0, 31, 32, 34, 30, 8, 33, 3, 13, 37, 40],	C_j(s)=[ 11  21  34  51  70  87 107 127 146 163 178 197],	c_s=16855
	M2 <- [4, 22, 5, 38, 27, 20, 1, 44, 36, 9, 12, 10, 23],	C_j(s)=[ 10  22  32  46  59  71  90 105 125 144 160 175 194],	c_s=16845
	M3 <- [41, 29, 16, 7, 42, 39, 47, 6, 28, 43, 26, 48],	C_j(s)=[ 13  27  41  54  73  88 102 120 139 156 175 191],	c_s=16528
	M4 <- [11, 15, 21, 49, 35, 19, 17, 45, 25, 46, 18, 2, 24],	C_j(s)=[ 11  25  39  49  61  75  93 109 122 142 158 178 198],	c_s=16629

Total iteration: 30
Heuristic processing time: 0 min 17 s
Branch & Bound processing time: 0 min 0 s
Total time elapsed: 0 min 19 s

--------------------------------------------------