
machine: 5
jobs: 50
w: [19 11 20 14 19 12 13 12 10 19 20 14 10 13 18 19 15 20 16 18 15 13 14 10
 16 18 12 10 14 20 19 14 11 20 19 17 14 15 19 13 15 17 16 14 13 13 11 14
 20 10]
p: [13 16 17 12 16 18 11 11 14 19 14 14 18 19 10 14 15 17 19 18 13 16 13 18
 12 17 10 20 13 13 12 18 13 15 10 12 11 19 13 19 18 14 16 16 18 17 17 15
 20 11]

	+++RESULTS+++
optimum total cost: 53141.999999999956
serial schedule cost - UB: 242435
processing time LB, Hmin: 134.8
processing time UB, Hmax: 166.8
selected schedule: [40, 41, 42, 43, 44]
	M1 <- [14, 38, 24, 17, 25, 42, 40, 45, 8, 46],	C_j(s)=[ 10  23  35  52  69  85 103 120 134 151],	c_s=10925
	M2 <- [0, 15, 26, 6, 7, 19, 47, 18, 44, 5],	C_j(s)=[ 13  27  37  48  59  77  92 111 129 147],	c_s=10427
	M3 <- [34, 10, 36, 4, 28, 48, 43, 31, 1, 12],	C_j(s)=[ 10  24  35  51  64  84 100 118 134 152],	c_s=10751
	M4 <- [30, 35, 41, 20, 22, 9, 49, 37, 13, 23],	C_j(s)=[ 12  24  38  51  64  83  94 113 132 150],	c_s=10371
	M5 <- [29, 33, 2, 3, 16, 11, 32, 21, 39, 27],	C_j(s)=[ 13  28  45  57  72  86  99 115 134 154],	c_s=10668

Total iteration: 28
Heuristic processing time: 0 min 18 s
Branch & Bound processing time: 0 min 0 s
Total time elapsed: 0 min 19 s

--------------------------------------------------
machine: 5
jobs: 50
w: [70 60  4 67 82  1 62 33  7 68 88 81 69 14 19 49 33 47 21 19 33 93 61  3
 52 94 74 74 29 16 31 60 45  9 92 53 22 47 52  9 68 73 59  9  9 18 62 29
 38 90]
p: [  7  20  48  21  16 100  72  15   2  49  24  36  65  91  61  19  61  22
  42  20  97  42  34  52  63  13  99  85  97  82  86  61  80  49  43  74
  16   4  35  63  46  46   2  39  82  87  12  32  84  58]

	+++RESULTS+++
optimum total cost: 303703.0
serial schedule cost - UB: 1303175
processing time LB, Hmin: 410.8
processing time UB, Hmax: 570.8
selected schedule: [15, 16, 17, 18, 28]
	M1 <- [37, 10, 21, 38, 12, 24, 48, 45, 44],	C_j(s)=[  4  28  70 105 170 233 317 404 486],	c_s=62160
	M2 <- [0, 3, 7, 22, 40, 27, 16, 20, 33, 2],	C_j(s)=[  7  28  43  77 123 208 269 366 415 463],	c_s=58780
	M3 <- [42, 4, 8, 11, 41, 36, 19, 6, 32, 14, 29, 23],	C_j(s)=[  2  18  20  56 102 118 138 210 290 351 433 485],	c_s=60056
	M4 <- [46, 1, 34, 9, 47, 26, 30, 43, 13],	C_j(s)=[ 12  32  75 124 156 255 341 380 471],	c_s=61975
	M5 <- [25, 15, 17, 49, 31, 35, 18, 28, 39, 5],	C_j(s)=[ 13  32  54 112 173 247 289 386 449 549],	c_s=60732

Total iteration: 58
Heuristic processing time: 0 min 21 s
Branch & Bound processing time: 0 min 0 s
Total time elapsed: 0 min 28 s

--------------------------------------------------