
machine: 5
jobs: 40
w: [ 23  37  53 100  25  49  66   5  44  60  48  26  85  23  68  46  35  47
  50  90   3  52  38  12  40  22  67  65  35  54  70  89  13  84  95  45
   6  22  33  28]
p: [60 35 72  1 58 96 87  1 29 44  9  8 29 45 39 62 36 55  7 16 87 39 74 88
 29 12 94 14 19 75 53 33 21 65 89 52 30  4 51 69]

	+++RESULTS+++
optimum total cost: 225401.0
serial schedule cost - UB: 949089
processing time LB, Hmin: 280.6
processing time UB, Hmax: 434.2
selected schedule: [10, 11, 12, 13, 24]
	M1 <- [37, 31, 9, 1, 6, 32, 5, 36],	C_j(s)=[  4  37  81 116 203 224 320 350],	c_s=46623
	M2 <- [19, 28, 24, 34, 29, 13, 0],	C_j(s)=[ 16  35  64 153 228 273 333],	c_s=46010
	M3 <- [18, 12, 33, 16, 15, 38, 4, 20],	C_j(s)=[  7  36 101 137 199 250 308 395],	c_s=42978
	M4 <- [10, 11, 25, 8, 21, 35, 2, 22, 23],	C_j(s)=[  9  17  29  58  97 149 221 295 383],	c_s=43332
	M5 <- [3, 7, 27, 14, 30, 17, 26, 39],	C_j(s)=[  1   2  16  55 108 163 257 326],	c_s=46458

Total iteration: 1168
Heuristic processing time: 0 min 14 s
Branch & Bound processing time: 0 min 0 s
Total time elapsed: 2 min 26 s

--------------------------------------------------
machine: 5
jobs: 40
w: [44 86 41 50 98 71 23 23 82 97 40 62 77 90 35 49 19 80 78 16 97 75 14 77
 18 47 80 86 14 57 15 46 59 34 86 67 11 72 58 12]
p: [ 4  9  9  5  2 10  7  1 10  2 10  1  6  7  7  2  9  3  8 10  1  8  2  9
  5  3  2 10 10 10  3  5 10  7  4  7  4  4 10  9]

	+++RESULTS+++
optimum total cost: 36892.5
serial schedule cost - UB: 156790
processing time LB, Hmin: 41.0
processing time UB, Hmax: 57.0
selected schedule: [1, 3, 4, 8, 10, 11, 15, 18, 19, 21, 22, 24, 27, 28, 38, 44]
	M1 <- [9, 7, 13, 1, 5, 14, 6, 39],	C_j(s)=[ 2  3 10 19 29 36 43 52],	c_s=7729
	M2 <- [4, 34, 3, 21, 22, 32, 2, 19],	C_j(s)=[ 2  6 11 19 21 31 40 50],	c_s=7250
	M3 <- [26, 37, 18, 27, 29, 10],	C_j(s)=[ 2  6 14 24 34 44],	c_s=7446
	M4 <- [9, 37, 0, 31, 23, 38, 10],	C_j(s)=[ 2  6 10 15 24 34 44],	c_s=7336
	M5 <- [20, 17, 12, 35, 8, 30, 2, 16],	C_j(s)=[ 1  4 10 17 27 30 39 48],	c_s=7501
	M6 <- [26, 7, 25, 0, 1, 22, 32, 33, 36, 28],	C_j(s)=[ 2  3  6 10 19 21 31 38 42 52],	c_s=7190
	M7 <- [4, 7, 25, 0, 35, 8, 30, 2, 16],	C_j(s)=[ 2  3  6 10 17 27 30 39 48],	c_s=7301
	M8 <- [20, 15, 13, 1, 22, 32, 33, 36, 39],	C_j(s)=[ 1  3 10 19 21 31 38 42 51],	c_s=7267
	M9 <- [11, 17, 12, 21, 5, 14, 6, 28],	C_j(s)=[ 1  4 10 18 28 35 42 52],	c_s=7409
	M10 <- [11, 17, 25, 3, 31, 8, 30, 33, 36, 28],	C_j(s)=[ 1  4  7 12 17 27 30 37 41 51],	c_s=7180
	M11 <- [26, 34, 0, 21, 5, 14, 6, 39],	C_j(s)=[ 2  6 10 18 28 35 42 51],	c_s=7257
	M12 <- [20, 15, 12, 35, 23, 29, 24, 19],	C_j(s)=[ 1  3  9 16 25 35 40 50],	c_s=7449
	M13 <- [9, 34, 3, 21, 22, 32, 2, 19],	C_j(s)=[ 2  6 11 19 21 31 40 50],	c_s=7248
	M14 <- [11, 15, 13, 31, 23, 38, 24, 16],	C_j(s)=[ 1  3 10 15 24 34 39 48],	c_s=7233
	M15 <- [4, 37, 18, 27, 38, 10],	C_j(s)=[ 2  6 14 24 34 44],	c_s=7516
	M16 <- [26, 34, 18, 27, 29, 24, 16],	C_j(s)=[ 2  6 14 24 34 39 48],	c_s=7384

Total iteration: 68
Heuristic processing time: 0 min 15 s
Branch & Bound processing time: 0 min 0 s
Total time elapsed: 0 min 16 s

--------------------------------------------------
machine: 5
jobs: 40
w: [42 23 35 59 20  4 29 44 67 24 70 89 80 24 84  2 47 18 46 68 78 75 44 94
 77 79 38 20 71 59 85 12 95 89 29 20 23 77 47 24]
p: [14 41 51  4 82 63 71 30 90 25 47 19 83 91 89 73 99 77 13 31 99 96 24 45
 68 69 43 79  2  4 59 16 83 76 97 47 83 64 19 50]

	+++RESULTS+++
optimum total cost: 300978.0
serial schedule cost - UB: 1267951
processing time LB, Hmin: 364.0
processing time UB, Hmax: 522.4
selected schedule: [0, 1, 2, 3, 4]
	M1 <- [11, 10, 25, 14, 1, 6, 27],	C_j(s)=[ 19  66 135 224 265 336 415],	c_s=59931
	M2 <- [29, 23, 37, 9, 26, 8, 36, 17],	C_j(s)=[  4  49 113 138 181 271 354 431],	c_s=57790
	M3 <- [18, 19, 33, 12, 31, 2, 35, 13, 15],	C_j(s)=[ 13  44 120 203 219 270 317 408 481],	c_s=59682
	M4 <- [3, 38, 30, 24, 20, 39, 34, 5],	C_j(s)=[  4  23  82 150 249 299 396 459],	c_s=59755
	M5 <- [28, 0, 22, 7, 32, 21, 16, 4],	C_j(s)=[  2  16  40  70 153 249 348 430],	c_s=63820

Total iteration: 27
Heuristic processing time: 0 min 14 s
Branch & Bound processing time: 0 min 0 s
Total time elapsed: 0 min 17 s

--------------------------------------------------
machine: 5
jobs: 40
w: [28 99 41 76 21 54 14 70 47 26 32 54 86 18 92 43 83 94 64 67 21 89 99 18
 74 28 65 86 30 20 78 71 23 14 34 55 42 50 25 50]
p: [ 8  5 10  2  1 10  6  2  5 10  8  9  5  3  6  9  5  3 10 10  3  2  4  3
  9  6  1  4  7  2  6  3 10  2 10  9  9  4  8  6]

	+++RESULTS+++
optimum total cost: 33859.0
serial schedule cost - UB: 144492
processing time LB, Hmin: 39.0
processing time UB, Hmax: 55.0
selected schedule: [20, 21, 22, 23, 24]
	M1 <- [21, 31, 16, 8, 18, 25, 10, 32],	C_j(s)=[ 2  5 10 15 25 31 39 49],	c_s=6911
	M2 <- [7, 1, 30, 20, 35, 15, 0, 6],	C_j(s)=[ 2  7 13 16 25 34 42 48],	c_s=6868
	M3 <- [26, 22, 14, 39, 23, 5, 28, 38],	C_j(s)=[ 1  5 11 17 20 30 37 45],	c_s=6637
	M4 <- [17, 4, 12, 29, 33, 19, 13, 36, 34],	C_j(s)=[ 3  4  9 11 13 23 26 35 45],	c_s=6551
	M5 <- [3, 27, 37, 24, 11, 2, 9],	C_j(s)=[ 2  6 10 19 28 38 48],	c_s=6892

Total iteration: 26
Heuristic processing time: 0 min 14 s
Branch & Bound processing time: 0 min 0 s
Total time elapsed: 0 min 14 s

--------------------------------------------------